118789
143005
63319
92361
133809
136985
138488
111292
142965
116497
98904
132956
123952
62395
89827
53474
83804
114380
69562
138112
55419
115890
131496
84704
74160
71690
51627
93353
55471
128803
147597
142725
122885
100277
106969
51667
92651
127064
51686
124978
88778
74800
96243
54344
119350
104219
58835
111524
51214
55841
143107
108964
84109
93099
106657
79497
135884
107646
84395
71356
106560
70122
57828
92199
113474
124929
110323
120304
120818
121582
66636
137499
62633
109959
117507
121667
94126
143112
134201
62173
115623
122316
143409
114409
148345
139108
65539
120106
85560
81636
84707
104828
84098
105903
136982
143546
100224
141068
92514
136199
