16599   80712
36625   30619
38227   50313
64559   30154
65615   67067
74129   58541
48112   57554
47710   26612
28474   62067
63246   79221
25605   93033
28445   97512
39879   43074
44311   31795
88390   65434
48659   54796
69020   56236
69607   49722
74953   52143
72483   63454
14962   16971
12511   14074
56246   18543
63068   85518
79056   28408
67407   99553
97489   22290
74272   99936
61748   13931
43056   22290
72400   26862
14853   84796
92516   39736
40810   53439
44942   24640
29773   54796
57324   13843
66787   97272
41007   22504
99794   31084
91722   61704
64485   72882
69390   57636
66021   59204
42041   69383
93795   96509
64708   63753
80474   17266
92094   67513
58128   99270
35076   26612
17878   74311
74741   48659
35451   61110
21197   86291
18803   79539
10349   64200
19515   88056
69894   52018
95522   75909
75160   92994
27222   94116
88696   97462
81392   83138
73529   91156
16659   61942
21569   30793
37235   79392
54112   48678
79220   80712
69217   48044
69272   15352
54632   67225
11180   53021
45938   12731
64928   85861
53680   43875
28449   62254
98120   59579
83723   24640
95907   56013
79219   86673
29974   85900
94873   82071
22425   60739
52461   73109
96962   21238
67827   36353
66528   10730
66786   53454
53626   57767
26647   43371
49064   16345
20695   64261
70628   16081
65739   52461
53051   10150
51443   59505
42279   94937
72681   52757
62990   79441
40494   15399
85335   76042
49947   73844
69263   47972
70844   23709
56890   64261
95243   34381
71621   50595
14336   97462
23158   88103
55132   84680
21904   18836
45921   58181
97168   72949
67025   72592
46409   44311
24703   88751
25768   69389
31353   33791
13843   44493
88418   79280
50194   29882
51092   16563
88190   33904
30389   49231
59925   54796
56995   17578
81286   93033
70214   16971
66191   86171
54796   94647
15510   29901
39345   84478
69370   73151
22431   64261
55563   92801
72289   43215
59117   44294
63657   45574
92889   19593
22817   14274
66585   75722
25610   31153
61126   43734
43902   44940
56311   13525
54058   96299
19644   22935
67993   19542
66550   72949
17810   42547
42461   26145
80712   11555
18497   17449
37264   12416
91567   44311
73736   57419
91344   19147
53224   42345
37825   55456
79203   97399
43215   20864
88427   63715
43220   35316
68074   69594
61758   80712
15755   70648
64714   35507
18982   14330
97194   18932
74421   44311
45341   68940
24640   91368
55138   96299
42898   44723
32777   27631
18211   58147
20405   52461
35189   87458
80973   90479
45751   87426
84818   54439
70110   95447
48381   31353
14501   44723
82147   81473
60325   97462
95779   11265
95609   76704
67096   75547
74290   13540
70881   68428
28502   33462
45570   12731
65421   61877
44340   10009
64554   29825
89718   67100
45440   31966
87224   53804
76676   16971
19492   22739
19854   22727
32994   65539
80569   64217
11337   41037
14410   74999
12710   43906
11885   72817
41002   89463
22304   51399
22816   59983
11576   67941
90976   69390
69892   67456
55877   23839
94877   91422
37885   22739
71137   13096
24530   16859
29559   41967
13512   46461
53042   65598
81180   36940
14732   76235
40988   72164
99814   80712
43374   17497
87601   31353
15768   82816
21718   12365
37175   33911
32778   32899
54332   89297
39164   54159
22221   14388
55743   26329
47670   47359
59102   64261
76807   43657
36505   84377
19961   69791
55472   72022
13586   99990
36870   64261
91035   48230
97076   18678
96348   64664
22667   96123
26708   95755
13581   56246
15145   53721
18513   28804
45935   26248
29094   38098
31245   24436
88813   22885
12203   20103
59619   55620
83463   92644
99001   40818
39294   78587
62449   52878
10778   62203
38369   50062
62342   25489
14335   61861
49988   50778
39386   96195
72678   61482
94386   19036
13687   87509
21026   44167
70582   39986
44321   42385
85568   11925
25504   99485
83878   92170
65811   48485
12573   27213
78857   34462
82489   94512
60722   81131
56027   52461
42915   24154
79495   54796
11925   65697
38198   73798
88315   85636
30792   70647
68021   44002
57926   78263
74794   42050
65821   73121
92415   64732
97462   88103
13565   74120
72327   43875
16801   23340
37404   20148
94522   19961
68538   60098
44637   17386
70839   70467
83279   83262
56241   79734
30347   94954
72290   92819
95171   20994
10845   50987
20822   44317
38485   53761
38767   17782
40751   27056
28926   99614
35760   95162
44805   77143
23277   43215
13931   63456
62806   48866
20250   97252
22129   47302
99124   10196
19210   40135
26418   28629
57968   71326
14158   77194
93114   82082
47570   31167
57607   46591
30064   29094
96123   82216
15280   97272
94586   82175
60598   22556
37227   12416
99821   16971
96818   88103
81750   11275
44216   87969
47952   33468
29712   88103
85477   66765
39298   61882
70139   53005
14187   75083
57289   80142
96160   46595
19456   50595
20810   89574
10520   19961
59088   36495
50801   16346
15941   28940
51654   87469
36668   62943
24700   97637
48151   91805
53389   88056
87770   94742
24608   50313
99912   72022
46497   46633
25060   80226
89788   45181
24631   46113
66583   97272
16971   97286
50313   40237
89203   16900
84959   80712
93367   34719
41434   24640
32784   90491
50595   61257
54099   50012
32484   20764
54705   52463
25429   62900
90693   66949
62484   95726
19813   42413
67315   80712
78288   52299
86716   56630
14037   17782
81446   73491
88056   49426
70721   16458
14631   11555
92156   34768
40617   81071
56618   28607
83320   51334
44044   45833
92228   85366
67371   82921
74320   11925
82031   58128
59411   23804
21017   95357
15084   60611
72882   72109
11555   68557
56440   95865
98151   21799
77078   27613
24477   16971
55559   18250
37494   83879
79114   86831
36998   40828
27535   74140
79873   85058
73487   94182
39220   62007
17794   75970
54985   64259
20846   68521
68463   30290
97484   44723
18829   19480
33771   16856
76249   59081
93491   81602
79507   41256
43281   66157
15139   79851
14435   24640
25053   17278
35721   63526
68806   25473
53651   41690
90384   86171
10631   56152
83648   11925
81735   73389
86979   91229
12416   44311
63354   67808
94954   26405
44426   37037
62315   46394
19563   43868
27691   28162
61534   82786
72322   11231
68407   97462
51337   43215
37911   51173
97274   12731
84571   94754
44265   58128
67714   64261
90181   59651
47713   67783
90483   17782
21678   23483
96298   28803
30295   48623
78497   52461
25223   92610
70711   99710
95307   16817
64833   64045
12268   51771
31134   24640
66380   72268
77131   93137
20762   11555
94854   58128
29184   16377
92942   44941
41122   51655
49811   50313
41535   62293
22887   81682
41281   41522
87342   30860
81741   33439
52296   15999
93888   58128
41592   56030
73841   39487
64257   47603
86746   94134
75036   58289
45703   29902
81552   87458
58121   87458
16607   64602
22290   77396
60618   14009
78674   27188
19017   93551
12884   16971
79803   83162
83790   58541
76194   79578
40804   36039
61514   70994
17156   24640
55997   71250
97272   58015
70590   47271
23558   25625
97642   85108
14710   12632
72380   93033
13790   62151
36495   84288
15047   19839
31728   87394
60731   52873
83866   82344
66887   78964
89710   87504
79686   70699
24832   80712
93648   50595
97182   60771
22373   27701
33985   41522
16476   46432
91224   62272
36823   70269
75861   69390
61410   31108
27461   48428
69769   85310
20040   51376
40032   50134
40923   12731
26290   58419
79190   47742
76952   72949
77567   55349
94730   35638
61312   85049
55012   27737
77789   17494
52237   43585
73390   64243
26687   77376
38016   64261
22725   90075
55263   20502
33639   48426
71396   26399
77861   73689
61344   32845
96434   64776
72949   30248
97906   98835
57509   72407
35747   49666
45014   54796
47138   31029
61025   88424
39960   59485
76703   46965
17986   96123
47606   52910
41272   50925
42185   83063
91059   97272
23469   13808
19518   29873
96654   64814
98519   71792
95770   21089
12311   56552
15098   86171
64261   10895
23128   56240
62636   96509
69231   47153
90685   35023
13148   70330
46529   19961
76079   52461
58718   54796
98541   24242
92303   39774
45382   71254
64390   72022
82198   12676
19243   58799
54512   72882
32362   48659
61957   50224
51339   56427
19085   30463
23969   95985
42807   37509
23724   35576
59774   31245
46821   44223
34991   27436
21111   35629
35448   32949
82891   43985
17782   28231
83163   73426
74173   77212
22535   83063
29622   62038
70981   80030
39469   16345
33483   60968
87888   65900
51377   43215
35629   83208
20589   72817
30453   37107
92683   97462
88103   98146
55773   14081
14582   74504
75470   63198
40398   72579
44723   69830
38336   22467
69587   47359
14703   76762
69911   13931
98505   47153
24234   10729
43448   69390
20440   97734
78776   67407
36218   46253
33254   12731
26893   41597
32790   81139
20450   39807
10967   93341
70869   84826
18433   49914
43875   99760
74863   64804
44531   87458
13589   58937
47567   16971
81146   65963
60564   22694
35345   42553
81893   54796
60043   65388
89389   66575
56590   59957
66592   74242
84068   29094
15175   38619
98135   82473
37900   75692
62420   40838
26619   79565
86954   65533
36296   88103
87838   32905
86036   12525
42712   51040
53262   45117
58315   54796
29142   11922
31877   40295
17486   86641
59558   97259
64351   97156
25759   24510
21143   99756
24952   80712
14894   43968
31819   16789
89840   83933
77745   90621
35329   49448
44796   91442
89832   27887
54265   59611
61604   19302
17239   50707
45794   32574
26006   93750
95565   50835
15129   50925
85930   87770
83385   83063
60651   83596
80761   92656
76084   87770
93928   12142
82538   87980
70758   76052
35697   11555
87007   17121
29613   12515
35566   73235
13078   48659
87821   58339
90745   83063
16233   72550
95075   52461
25140   64821
94439   89661
11706   85696
73929   66307
46579   19472
66728   44534
74153   76445
85249   96229
33212   84161
73827   69390
82497   11540
59022   62005
49702   99810
97593   64261
37834   72882
60866   77579
70161   59480
16741   17811
73083   62113
27053   79398
81457   97541
86941   56356
14613   76090
12883   43899
80414   88103
58992   27570
43659   17076
67953   81346
55502   70172
19398   75054
15472   76511
88528   51299
33298   88117
49210   87184
24905   43396
82537   50595
16752   41522
89807   94401
58307   64009
83680   90995
19446   69485
57421   52461
65875   60516
88125   50313
25552   93033
74518   36187
17805   40856
76029   17805
11043   34636
53089   17497
83570   54796
66472   53806
81354   64886
83063   97637
57342   50990
93248   55615
83295   11555
73974   84205
93033   27159
72854   34590
56399   77726
17436   88502
74921   52605
55650   39210
50033   41522
41481   60372
80484   89057
88071   91225
72538   83490
64621   99361
33647   71984
58541   15163
99872   72022
33190   26980
13810   97462
39085   50313
58808   53389
45605   93423
64505   62672
77045   17041
23364   42486
43717   95457
17497   15300
64246   31635
17875   69390
39631   68860
57979   61780
86255   24640
54013   17782
65549   19232
26886   93033
50051   56477
21378   12920
46585   48659
53721   22705
74266   11925
54014   72882
77151   45295
63421   60699
94260   21499
43714   16257
15493   28212
28723   88991
54094   17497
36787   22739
56893   23547
91539   58128
80303   72440
86171   29424
44035   53080
64933   45145
49296   98766
61080   36689
93696   93033
48455   81218
22739   59783
71027   30506
61110   62733
99764   61110
56176   63115
95121   59906
42721   22723
74593   52248
34085   95616
17365   70134
23582   72235
91697   93680
29496   32410
37701   13843
89797   61385
67873   65471
36352   15952
84545   58128
58336   88231
77411   27486
41090   50595
96299   88578
65791   92544
13131   94699
59021   44311
36007   96509
52225   19961
72022   70582
60759   20141
42301   65567
13827   86082
87458   29094
43870   24141
96509   56194
71499   40721
43445   59841
57017   72817
26609   91863
16345   11334
65929   31916
70170   63692
84782   93752
68081   33747
67677   47359
93301   32270
65693   96299
18871   27945
34749   60058
95353   90577
44344   48659
37835   48060
65606   53608
66841   35861
53470   32331
52734   50925
95134   29094
11904   96029
65617   83063
35895   17782
21625   17119
17522   91928
51269   52249
55302   51859
46986   12416
18609   24640
26052   75583
47371   64261
27061   96509
77711   46487
19229   93033
71755   79421
58200   96299
52039   50313
54163   72817
12731   20678
29710   43186
12661   80153
74612   48659
24675   53383
75426   50313
94181   44311
76513   79723
45682   57145
68787   12920
35121   37441
50956   34261
74242   47359
76803   64896
46270   83389
42068   61110
86091   80813
82843   14009
97794   17601
86079   11863
58857   16345
38646   82673
42651   61534
26788   99387
34378   85093
82449   92516
29721   47924
97581   29567
40806   62560
48019   80755
47359   31353
51426   37152
34806   34066
40269   82658
52520   82538
70455   36191
72817   32160
82310   67203
95289   16971
84540   84475
54225   37018
71340   26899
47228   88056
41651   29993
85294   71033
83331   52461
35464   18303
73339   37231
95022   13843
10238   48423
63432   97241
72592   87458
44438   86171
98979   22739
98332   31327
56117   16345
98742   31179
86806   58128
62391   92992
23023   26407
54651   97462
23966   63346
47153   72592
60458   93033
19314   93378
98221   24533
50925   92244
59072   38808
68685   38128
12920   25510
75138   49193
94383   75206
53640   91600
74867   64510
41522   31353
79025   48659
81610   57532
79828   72305
58163   82538
38788   91527
85622   26219
51199   97413
26683   28779
52456   88478
70953   87503
38223   50925
49082   87458
51724   72882
36835   60486
45225   44723
41413   43215
26848   21834
44833   10089
92800   15226
52930   86171
60948   17913
34154   67302
34919   16971
20240   77478
76990   50532
85574   52196
94241   37884
48099   64394
95583   53993
25188   63416
47818   52698
