  529  834   55
  678  967  417
    2  750  601
  720  806  751
  349  823  221
  783  962  156
  382  148  617
  155   63  261
  436  681   79
  309   34  763
  542  680  219
  788  236  724
  604  437  597
  633  411  107
  380  672  490
  699  283  755
  699  843  646
  399  819  321
  380  532  374
  888  393  698
  288  917  911
   93  782  763
  103  882   14
  299  381  473
  400   21  419
  562  233  649
   93  224  208
  415  473  607
  348   75  246
  779  155  807
  504  698  721
  675  106  236
  237  857  981
  635  497  141
  326  825  741
  543   20  560
  409  369   98
  794  879  247
  459  148  197
  982   19   97
  325  473   23
  503  237  691
  989  530  812
   89   47  665
  441  976  498
  680  736  551
  161  826  242
  954   83  731
  814  581  932
  309  879  360
  900  597  281
  675  519   47
  914  269   73
  303  932  717
  838   67  757
  655   68  915
   42  244  468
  642  119  267
  530  327  770
  777  132  208
  961  342   13
  433  398  526
  205  469   53
  381   88   84
  143  554  729
  893  494  550
  661    1  602
   62  586  809
  920   11  691
  949  336  398
  187  608  660
  975  800  850
  838  155  677
  550  548  280
  629  268  742
  941  825  314
  373  786   18
  422   97  501
  800  157  497
  515  591  116
  106  659  496
  728  780   68
  922  804  239
  864  236  706
  493  980  937
  388  786   98
   63  955  625
  593  365  954
  665  927  963
  346  947  391
  573  448  334
  646  850  919
  991  625   22
  626  540  943
  922   76  237
  331  233  484
  917   82  825
  171  102  495
  842   24  950
  713  382  800
  122  635  837
  250  878  732
  135  949  354
  888  703  180
  892  604  928
  399  830  423
  584  424  253
  722  367   79
  963  104  784
  825  770  763
  308  153  223
  410   37  967
  780  355  838
  518  577  258
  882  638  841
  170  327  259
   79  165  229
  874  585  150
  877  854  634
  234  385  913
  695  833  554
  106  582  200
  125  196  169
  904  887  730
  950  113  368
  512  406  712
  109  115  748
  127  476  593
  593  691  211
  984  218  883
  420  159  298
  939  329  247
  742  324  259
  792  766    4
  936  452  631
  941  879  395
  259  928  190
  166  281  906
  642  644  839
  166  804  832
   94   98  143
  671  849  515
  367   95  578
  523  973  583
  750   68  676
  906  375  556
  312  560  384
  624  102  922
  897  790  230
  392    3  278
  327  627  850
  365  498  119
  182  986  834
  379  121  492
  846  908  716
  718  108  277
  684  124  928
  575  439  859
  685  856  802
  412  663  251
  578  699  997
  527   49  578
  352  291  606
  181  675  101
   11  410  492
  749  410  592
  427  143  422
  269  837  881
  714  262  380
  486  998  264
  906  985  802
  812  591  699
  666   15  563
  753  239  150
  371  748  953
  934  112  384
  552  380  713
   70  129  722
  278  899  785
  311  448  695
    5  837  503
  236  769  993
  617  161   47
  766  968   69
  342  342  360
  996  968  696
  392  389  713
   28  986  659
  139  728  256
  580  224   11
  800  394  992
  225   93   49
  287  137  963
  229  419   42
  746  133  164
  426  193  341
  507  534  245
  984  925  481
  921  193  806
  470  317  974
  558  818  279
   78  985  250
  962  329  928
  150  554  265
  858  643  292
  576  919  295
  194  431  203
  752  412  986
  834  145  572
  598  863  368
  421  601  556
  496  146  544
  930  389  577
  702  667  658
  736  426  489
  734  588  967
  712  347  896
  905  640   42
   27  242  173
  391  342  946
  652  415  918
  223  462   93
  759   21  347
  302  976  246
  491   25  499
    3  436  599
  402  955  384
  606  249  187
  242  311  408
  146  234  609
  172  979  681
    3  285  928
  906  318  908
  379  214  878
  480  677  593
  450  180  822
  225  187   91
  558  110   51
   72  944  800
  995  630  811
  671   90  732
   30  472  202
  705  128   78
  317  861  976
  432  800  833
  757  241   96
  367  364  170
  382  441  514
  484  537  489
   58  890  271
  993  530  393
  553  239  250
   46  947  435
  376  184  643
   96  596  631
  799  740  698
  874  722  863
   51  423  979
  453    7  656
  281  118  390
  280  653  520
  496  422  840
  353  697  410
  450  413  924
  339  846  528
  691  420  539
  556  354   11
  506  915  838
  750  154  306
  550  915  290
   73  119  491
  160  610  264
  164  604  385
  506  837  718
  786  686  645
  830  686  794
  868  279  580
  533  705  876
   25   13  339
  532  810  322
  915  557  906
  167  562  495
  609  623   18
  518  270  487
  779  894   82
  833   80  809
    8  933  648
  297  106  125
  990  830  209
  875  527  882
  137  837  608
  373  772  491
  761  548  574
    7   79  216
  814  705  733
  991  335  451
  866  791  906
  228  728  202
   71  385   99
  125  750  778
  428   38  324
  266  703  419
  866  313  936
   40  910   50
  893  474  207
  343  146  938
  263  182  928
  990  830  844
  664  756  819
  790  268  875
  108  939   87
  569  136  322
  119   34  294
  557   94  427
  288  260  206
  864  313   66
  950  661  911
  664  787  400
  624  971   41
  154  673  396
  399  603  835
  416  878   13
  749  206  531
  960   54  815
  728  309  761
  561  123  889
  725  688  660
  339  929    7
  298  974  526
   43  634  881
  669  715  810
   12  182  216
  690  985   84
  926  957   73
  136  839  123
  555  611  183
  649  350  346
  531  946  161
  359  228  981
  192  488  434
  996  590  908
  756  896  769
  252  292  827
  193  120  182
  612  995  273
  450  658  776
  303  554  471
   51  698   28
  408  525  488
   36  947  312
  395  652   64
  947    8  750
  891  319  420
  943  852  731
  152    9  804
  831  260  312
  689  486  302
   97  661  324
  694  518  625
  365  813  895
  394  883  891
  745  424  620
  783  406   69
  654  486  640
  349  536  935
  295  321  727
  824  772  101
  265  642  169
  367  181  439
  935  708  977
  718  656  718
  640  203  223
  853  870  121
  614  451  874
  855  345    3
   56  300  369
  483  372  370
  669  983  649
  141  982  491
   88  420  515
  559  248  464
  510  737  807
  908  178  808
  756  578  170
  523  557   80
  124  120  463
  553  375  533
  621  946  413
  477  231  356
  479  686  150
   27  382  486
  672  547  866
  398  118  957
   66  134  499
  540  242  918
  386  238  165
  716  537  507
  325  367  222
  917  542  763
  592  144  608
  105   88  837
   27  821  458
  666   10  761
  519  655  741
  901  411  168
  110  895  116
  585  518  989
  921  726  974
  681  299  173
  683  951  598
  211   59  548
   91  427   97
  701  926  234
  909  463  450
   10  307  108
  688  478  632
  708  232  320
  480  245   79
   70  186   46
  789  845  853
  226  641  716
   75  774  560
  764   54  760
  376   18  294
  739   33  179
  447  651  867
  162  273  939
   66   58   67
  707  192  542
  551  547  548
  192   54  499
  858   45  139
  609  233  397
  911  646  853
  428  936  611
  199   78  907
  292  543  938
  396  999  323
  286  953  195
   14  106  197
  856  864  128
  648  612  445
  738  872  202
  642  886  350
  233  380  316
  734  143  403
  476  155  215
  902  659  633
  527  364  453
  581  189  852
  370  642   79
  273  641  320
  523  731  776
  739  658  398
  600  862    4
  479  710  751
  968  901   16
   39  746  282
  242  452  265
  874  881  447
  150  607   59
  159  749  943
  610  305  816
  564  147  776
  908  170  179
  821  269  377
  621  202  539
  747  161  512
  262  364  494
   92  158  121
    7  473  673
  699  152   96
  177  852  552
  393  967  402
  262  170  119
  495  221  430
  238  321  268
  773  103  812
  393  886  311
   87  739  545
  884  385  589
  485  630  143
  504  726  270
  738  605  803
  398  742  902
  262  810  707
  178  981  893
  771  225  352
  846  174   41
  246  877  741
  310  246  145
  158  541  899
  551  614  161
  286  894   79
  559  816  620
  932  849  426
  994  394  329
  436  391  356
  927  901  223
  474  779  112
  502  652  885
  379  352  728
  597   47  552
  699   30  107
  499  283  747
  200   66  702
  888  796  271
  913  829  527
  295  438  259
  191  159  435
   96   61  909
  378  231  512
  573  672  891
  490  613  517
  432  746  645
  148  850  762
  454  168  955
  576  105  632
  729   83  766
  530  115   55
  734  179  215
  185   54   55
  477  583  854
  298   74  783
  293  200  817
  120  207  214
  810  340  663
  556  240  308
  660  278  292
  637  763  618
  478  367   11
  425  513  907
  361  776   75
  625  781  243
  106  890  842
  705  990  875
  504  361  247
  884  251  656
   76  237  659
  415  743  867
  516  359  763
  183    7  331
  992  183  934
  438  316   88
  200  664  946
  873  301  196
  345  705  690
  114  131  450
  841  208  447
   87  284  601
  179  504  402
  197  973  243
  903  467  828
  213  531  481
  791  495  328
  271   12  788
  128  484  714
  724  930  316
   23  127   19
  547  490  761
  117   45  337
   56  421  421
  624  971   24
  807  861  538
  243  373  421
  437  213  183
  869  759  236
  435  232  997
  282  567  538
  795  644  328
  286  947  875
  901  125  480
  250  376  478
  958  774  150
  170  427  268
  781  911  635
  161  160  692
  831  338  994
  967  873  991
  402   60  336
  597  603  818
  623  224  770
  297  940  295
  477  123  864
  621  233  542
  729  983   23
   14  745  717
  348  715  720
   53  586  608
  416  587  770
   59  249   47
  953  793  170
  682  250  318
  117  952  380
  800   16   15
  244  887  139
  251  196  180
  425  457   36
  955  623  540
  444  884  956
  205  564  986
  309  343  153
  819  110  950
  867  532  920
  601  650  193
  373  655   46
  879  225  642
  127    2  524
  417   97   59
   94  795  501
  323  291  102
  887  156    3
  472  446  531
   36  175  349
  696  872  452
  700  454  954
  274  125  793
  317  284  998
  830  669  713
  986  876  996
   59  847  556
  372  350  982
  516  360  764
  334  877   15
  952  385  890
  832   82  752
  937  513  914
  864  590  172
  968  791  730
  141  142  427
  479  903  331
  632  145   88
  912  650  976
  158  621  224
  491  990  758
  909  395  962
  805    4  971
  738  936  236
  609  349  932
  803  325  682
  955  198  109
  978  757  269
  996  906  874
  164  892  538
  217  356  374
  158   83  670
  323  294  662
  268  137  383
   88  926    8
  193  757  702
  696  696  817
   26  492  863
   50  497  529
  989  217  100
  551  381  950
  276  802  334
  214  986  929
  536  479  751
  678  875  626
  720  926  572
  987  125  631
  710  825  822
   17   87  110
  285  221  486
  827  770  586
  494  653  458
  992  142  316
  545  693  707
  546  722  592
  367  285  835
  545  997  534
  216   26  705
  792   44  611
  915  520  190
  571  991  198
  471  633  228
  373  122  882
  624  278  967
  246  286  778
  228  933   32
  721  915  900
  247  725  248
  318  449  614
   99   64  643
  556  955  607
  827  634  887
  874  219  745
   80  116  458
  388  377  642
  559  114  751
   76  508  849
  502  478   35
  631  394  864
  650  114  256
  748  621  283
  972  919  619
   41  556  477
  548  474  643
  890  829  737
   79  442  921
  481  205   76
  592  375  378
  442  272  301
  878  769  409
   86  139  211
  712  469  257
  131  920  755
  949   20  690
  784  749  445
   57  779  947
  435  719  591
  604  531    8
  672  843   86
  926  618  642
  619   39  694
   95  162   86
  987  867  398
  905  527  784
  536  239  211
  657  365  103
  552  240  507
  627  446  600
  678  506  107
  865  342   58
  610  486  613
  261  990  953
  614  938  366
  896  854  693
  862  910    5
  734  192  593
  955  366  869
  246  495  997
  225  739  469
  268  294  125
  871  373   58
  501   25  438
  338  340  768
  446  231  268
  755  573  298
  622  615   96
  913   73  772
  480  951   60
  456  738  729
  103  365  642
  437  189  112
  309  340  271
  963  966  121
  283  974  614
  996  805  583
  846  763  980
  382  635  737
  710  233  500
  747  160  616
   73  212  164
  792  522  691
  915  243  429
  272  897  288
  726  858  130
  211  718  110
   21  736  841
  478  233  366
  130  297  979
  316  649  257
   91  213  854
  718  271  865
  416  523  392
  458  334  757
  872  696  220
  292  898  806
  573  210  942
  222  869  101
  736  498  193
  837  645  323
  182  621  433
  381  814   53
  214  969  517
  104  468  882
  769  745  562
  999  361   55
  282  998  871
  483  306  663
  634  408  881
  302  370  182
  343  835  606
  988  258   57
  343  820   72
  979  191  348
  613  209  629
  442  732  790
  867  719   39
   75  879  599
  503  755  319
  697  382  470
   74  297  171
  336   29  781
  435  759  450
  447  378   96
  603   66  704
  443  397  183
  137  638  193
  224  532   78
  596  368   32
  568  608  299
  986   61  240
  233  443  579
  132  902  577
  126  744  285
  807  424  148
  510  976  620
  907  191  149
  205   87  616
  581   63  667
  947  604  947
   14  873  618
  981  828  498
  917  212  449
  191  396  556
  980  116  763
  877   72  816
   80  315  128
  796  945  694
  553  587  570
   66  421  687
  689  284  172
  723  236  596
   99  485  842
  177  328  714
  526  386  984
  733  886  423
  639   99  692
   17  496  658
  987  655  885
  842  688  105
  930  680  507
  395  445  596
  567  344  675
  408  754   77
  321   77  993
  234  657   36
  645  969  270
  592  689  477
  773  755  282
  547  969  408
  287  918  417
  938  164  526
  940  174  619
  556  474  811
  168  955  165
  782  617  918
  313  722  329
  384  557  250
   74  835   56
  810  975   89
  792  173  900
   92  721  941
  193  866  360
  560  838  843
  824  416  210
  910  656  585
  159  226  275
  643  782  414
  502  528   88
  243   70  957
  402  220  877
  602  461  186
  608  389  868
   61  261  669
  101  337  700
  222  234  743
  513  611  510
  621  539  277
  424   57  991
  808  802  376
  108  227  503
  488  153  687
  165   10  478
  667   72  783
  160  934  114
  713   71  212
  775  935  552
  829  901  271
  145  577  797
  191  875  145
  808  947  889
  340  489  643
  494  337  188
  647  828  520
  220  462  575
  365  856  559
  520  671  678
  992  816  539
   79  229  361
  639  952  378
  963  419  651
  174  960  745
  337  375  533
  879  630  516
  537  156  639
  317  963  791
  954  467  645
  321    7  508
  612  832  578
  329  521  878
  985  680  811
  747  255  187
  536  291  519
  794  615  229
  197  499  907
  839  477  641
  698  540  788
  474    1  314
  623  746  586
  977  186   72
  906  957  723
  440  647  421
  953  745  211
  701  194  571
   48  741   52
  853  361  446
  804  878  933
  914  356   18
  390  647  547
  309  555  316
  568  552  783
  187  916   76
  754  887  993
   77  854  540
  325  969  132
  347  548  686
  357  206  361
  203  500  318
  483   48  477
  390  596  184
  802  651  308
  848  429  156
  170  288  970
  527  858  407
  498  764  440
  959  495  270
  186   98  658
  283  205  139
  910  738  162
  216  220  625
  136  670  904
   29  563  349
  120  560   59
  422  545  857
  720  441  503
  839   20  623
  293  702  970
  193  464  242
  641   40  177
  148  916  288
  167  150   75
  898  385  548
  264  750  337
  771  637  650
  604  888  854
  628  527  245
  721  935  537
   59  803  982
  603  622  111
  748  552  729
  126  180  700
  860  795  993
  866  564    4
  652  293  763
  929  299  818
  323  835  247
  326  835  526
  110  405  349
  212   80  944
  974  247  993
  773  177  841
  965  168  753
  688  416  757
  653  497  275
  370  471   91
  239  819  680
  896  420  726
  166  206  300
  239  709  848
  666    5  508
  354  690  883
  505  139  556
  989  198  640
  841  117  459
   98  302  253
  430  958  616
  420   69  735
  685  102   14
  819  813   55
  827  189  855
  888  628  476
  182  955  197
  566  935  583
  470   78  221
  986  222  963
   88  375  334
   94  198  964
  967   76  552
  922  600  948
  707  636   22
  848   93  134
  376  333  183
  377  607  282
  386  838   42
  969  273  254
  636  392  198
   29  446  579
  542  412  617
  943  514  692
  573  488  589
  183  780  378
  350  300  971
  426  500  836
  929    5  475
  905  185   24
   40  748  703
  668  830  665
  909  621  848
  103  632  478
  755  214  798
   68  363  248
  175  691  801
  528   78  431
  907  545  932
  701   72  387
  946  481  347
  780  552  578
  402  153  443
   69  289  174
  144  859  643
  933  869  461
  591  437  431
  267  291  434
  454  280   23
  298  710  792
  552   56  577
  338  433  638
  503  637  988
  429  697  136
  965  693  676
  250  516  194
   50  739  831
  661  924  601
  575  499  652
  478  579  693
  417  407  106
  185  117   60
  535  580  970
  104  234   58
  537  534  913
  950  694   27
  454  618  359
  172  972  869
  149  927  657
  210  353  120
  271  866  940
  665  313  293
   73  265  598
   85  668  661
  677  117  698
  454  143  707
  752  325  955
  475  961  818
  488  525  827
  945  383  545
  792  623  217
  844  746  638
  843  143  727
  805  664  707
  856  139  808
  125  619   75
   49  488  514
  978  592  383
  740  118   38
  649  670  597
  550  188  190
  159  643  296
  215   68  683
   43  109  864
  778  900  385
  222  735  614
  509  580  911
  724  787  425
  874  125   43
  186  953    5
  979  422   93
  746  233  919
  278  757  377
  234  565  825
  565  724   22
  828  706  718
  783  615  509
  711  821  240
  162   67  443
  818  540   35
  985  646  519
  950  409  615
  713  906  167
  925  121  796
  667  645  709
  893  201  325
  630  219  554
  536  547  452
  281  879  962
  462  302    9
  375  129  808
  620  434  562
  310    6  399
   61  622  367
  111  631  774
  463  336  100
  785   36  558
  744  651  425
  174  451  770
  135  574  672
  196  156   96
  611   33   89
  525   90  285
  701  973  537
  192  225  696
  125  866  763
  642  553  909
  808  105  214
  951  554  245
  584   23  773
  880   49  112
  850  793  455
  497  988  691
  902  411  351
  375  541  106
  918  753  339
   25  767  229
  792  883  767
  485  756  785
  660   47   39
  828  645  252
   82  626  727
  951  516  800
  258  694  269
  287  135  990
  152  203  927
  641  144  882
  931  627  678
  626  999  327
  686  238  284
  963  413  952
  580  892  303
  957  767   21
  706  230  840
   88  111  882
  179  201  348
  938  432  241
  611  572  887
  626  849  164
  132  412  560
  782  571  154
  940  517  672
  138  451  295
   31  784  981
  772  983  368
  594  869  317
  226  538  209
  215   80  682
  188  167  729
  268  658  322
   50  820  773
  766  322  723
   91  952  141
  581  157  455
  944  145  604
  859  876  734
  606   68  782
  899  742  644
  601  624  552
  849  212  970
  746  899   17
  647  239  293
  199  273  882
  929    9  299
  959  703  160
  500  880  258
  774  947  540
  852  950  709
  672  719  961
   78  512  325
  180  909  818
  780  579  719
  834  894  795
  880   34  495
  543  372  373
   84  313  870
  988  551  947
  474   63  414
  819  231  755
  448  437  963
  425   15  541
  495  453  485
  480  393  913
  328  294   71
  243  712  255
  877  652  986
  305  710  866
   69  972  289
  989  736  357
  835  412  767
  439  965  692
  791  979  561
  467   67  851
  958  121  281
  958  433  294
  669  864  105
  804  578  749
  804  367  344
  746   29  646
  670  758  680
  952    1  770
  286   52  596
  869  857  901
  661  919  413
  271  757  565
  657  442  173
  476  678  158
  903  503  999
  846   22  524
  354  526  345
  409  912  341
  207  949  805
  602  524  657
   76  685  418
  516  739  837
  434  554  209
  356  116  415
  672  603  750
   85  756  737
  621  350  452
  337  963    8
  389  319  865
  185  807  982
  573  637  907
  930  889  321
  781  407  118
  518  940  544
  173  583  685
   24  835  934
  541  893  267
  950  604  531
  818  569   95
  434  495  908
  432  661  671
  549  195  543
  829  266    5
  773  128  734
  393  151  198
  165  871  355
  966    1  939
  197  713   34
  993  310  939
  976  329  676
  158  888  602
  976  979  279
  309  311  372
  822  134  750
  182  858  194
   57  770  236
  959  813  447
  168  739  110
  706  130  598
  727  287  862
  564  829  903
  223  731  561
   43  715  889
  622  984  478
  813  573  777
  448  471  575
  711  629  425
  750  201  361
  697  432  862
  690   19  322
  649   84  531
  212  709  272
   93  243  735
  843   21  980
   48  148   19
  237  225  431
   36  929  887
  570  305  143
  202  112  322
  510  773  604
  214  961  573
  474  424  139
  198  596  993
  878  848  798
  205    8  849
  206  466  430
  260   23   51
  239   92  861
  738  616  941
  447  945  183
  726  583  963
  553  662  443
  767  973  992
   82  295  468
  114  612  369
  421  427  129
  603  176  897
  397  167  905
  881   32  116
  417  833  767
  534  856  742
  638  542  557
  740  782  129
   83  359  707
  381  816  514
  815  487  638
  643  157  485
  816  129  685
  961   42  983
  322  338  962
  147  441  983
  992  544  968
  296  935  322
  710  328  713
  262  360  648
  793  673  655
  219  550  626
  569  151   82
  928   27  634
  310  750  696
  923   30  696
  925  647  290
  140  351  620
  468  975  225
  417  247  393
  711  815  532
  901  869  917
  748  150  368
  470  672   70
  358  441  788
  818  267  818
  318  307  982
   88  757   18
    3  335  887
  664  307  946
  255  450  407
  300  104  301
  664  588  157
  249  677  907
  333  118  922
   85  408  414
  635  448  647
  347  982  719
  295   69  953
  612  874  962
   97  784  764
  139  692  513
  152  397  128
  849  232  562
  114  457  688
  551  760  370
  770  612  501
  936  615  309
  518  114  356
  810   47  590
  872  260  708
  971  859    8
  329  643  417
  316  743  946
  703  503  285
  554  901  131
  183  723  400
  610  442  786
  611  292  702
  328  491  876
  431  846   70
  593  719  365
  431   15  732
  436  163  153
   38  266  739
  374   91  249
  806  621  193
  991   60  256
  162   31  398
   46   39  741
  835  754   11
  240  903   97
  887  992  358
  845  639  464
  653  272  326
  426  242  285
  905  941   67
   74  926  324
  317   11  769
  406  885  304
  777  690  907
  981  931   30
  809  762  734
  515  859  669
  299  108  608
  937  769    4
  654  294  459
  841  634  888
  584  583  610
  776  875  486
  963  404  740
  109  136  770
  762  279  875
  498  715  518
  403  562  428
  348  840  594
  412  222  593
  463  988   32
  899  254  401
  842  369  279
  471  331  165
  332  755  752
  931  305  131
  574  388  462
  465  959  291
  404  285  200
  739  676  765
  443  604  628
  158  436  765
   23  657   73
  232  343  444
  728  389  867
  569  984  522
  850  928  700
  537  153  459
  779  293   45
   50  884  774
  228  183  977
  742  202   38
  738  313  186
  477  750  837
  953  877  578
  330  746  523
  620  991  101
  203  453   94
  322  481  746
   86  973  195
  751  372  969
  998  387   45
   44  122  671
  949  869  952
  629  862  117
   67  414  936
  775  821  373
  624  683  731
  327  214  757
  704  686  895
  639  918  890
  397   61  499
  744  219  484
  613  480  316
  381  923  465
  201  266  821
  455  467   63
  183  415  499
  283  883  531
  523  954  176
  255  403   72
  626  870  368
  799  461  792
  347  262  313
  600  628  478
   64   16  142
  596  951  924
  251  550  360
  175  227  137
  634   16  580
  470  873  327
  736  460  532
  644  229  532
  772  741  139
  803  172  335
  513  117  965
  151  198  298
  827  830   52
  142   22  791
  842   49  502
  926  839  556
  976  238  881
  232  440  919
  774  709  961
  631   35  585
  334   16   39
  672  421  947
  848  282  303
  464  317  754
  838   31  640
  114  266  973
  175  797  579
  941  338  244
  556  645  912
  966  781  803
  738  153  264
  846  246  809
  388   50  562
  412   73  551
  383  914  240
  152  161  819
  126  543  412
  143  628  553
  133  967  825
  370  790  265
  160  166  386
  802  969  447
  100  560  809
  376  240  181
  414  496   39
  649  586  769
  247  124  549
  609  752   12
   25  508  956
  764  113  572
  471  448  610
  662  690  654
  966  724  290
  558  382  154
  518  305  268
  579  707  249
  713  428  846
  979  588  221
   71  590  705
  832  581  811
  272  190  857
  756  794  658
  711  621  159
  678  590   69
  112  740  594
  262  268  671
  935  641  598
  993  287   72
  569  652  822
  449   27  970
  877  810  254
  428  870  221
  293  771  246
  550  125  884
  205  863  943
  105  989  521
  391  762  504
  698  823  381
  896  491   95
  897  422  960
  957  174  643
  770  857  219
  582  650  309
  416  590  120
  431  205  338
  968  218  254
  743  185  275
  429  858  283
  985  602  469
  339   91  903
  172  951  161
   33  562  112
  199  148  689
  201  377  447
  619  373   34
  148  339  883
  980  255  300
  929  194  422
  711  888  374
  369  143  244
  963  849  862
  921  436  638
  998  731  374
  818  201  807
  231  995  497
  785  942  506
  347  816  434
  241  963  565
  884  559  204
  351  457  423
  254  975  877
  513  961  483
  334  366  684
  410  444  175
  833  803  405
  680  785  904
  403  683  128
  264  626  327
  967  908  758
  587  596  892
  701  734  556
  740  675  910
  140   18   16
  187  284  782
  215   44  733
  521  172  658
  374  791  633
  999  378  207
  518  476  907
  979  513   87
  842  733  364
  788  573  122
   53  979  878
    9  871  133
  782  749  598
  564  221  405
  402  828  315
  272  482  837
  848  269  843
  731  539  276
  811  136  176
  199   49  874
  962  919  357
  356  932   44
  459  599   91
  107  792  165
   62  965  718
  769  386  877
  655  708  757
  762  694  574
  664  993  436
  180  817  778
  975  680  323
  282  632  417
   49  751  728
  569  387  664
  585  412  870
  779   93  869
  928  834  730
  761  139  704
  760  868  561
  346  435  894
  531  110  351
  318  938   82
  201  115   90
  323  835  303
  979  424  609
  599   67  321
  121  532  658
  197  900  412
  424   92  936
  139  700  897
  785  717  620
  415  576  567
  564  534  531
  378  692  894
  684  688  629
  225  721  796
  156  175  831
   63  889  108
  464  981  844
   36    7  323
  775  186  782
   23  135  724
  802  300  912
  397  472  546
  897   22  322
  927  936  307
   84  691  946
  778   39  739
  851  631  646
   13   38  104
  751  232  178
  549  796  694
  506  324  986
   33  601  422
  553  806  891
  889  162  935
  718  407  290
  685  507  924
  467  700  785
  638  941  981
  805  612  769
  403  821  448
  527  388  114
  350  898  647
  230  948  166
  470  214  193
  664  784  628
  593  488  116
  835  698  781
  136  641  927
  313  149  144
  138  802  820
  605  272  373
  142  176  387
  701  995  170
  879  237  511
  852  196  552
  149  443  544
  328  568  760
  128  975  537
   95  384  361
  665  955  234
   39  759  783
   99  963  595
  145  675  543
  362  233  497
  221  516  178
  486  676  277
  269  443  752
  980   12   36
  222  780  388
  223  632  129
  636  254  413
  258  194  518
  884  900   59
  445  723  292
  666  828  617
  989  316  172
  197  411  537
   71  572  615
  539  841   26
  434  110  575
  818    6  299
  856  837  881
  200  827  194
  171  823  689
  599  961  453
  228  585  911
  517  177  333
   43  108  823
  710  185  655
  727  438  298
  892  394  403
  299  796  129
  285  853  501
  769  780   50
  910  216  874
  627  401  649
  866  782  764
  413  748  844
  302  121  324
  717  565  713
  488   26  475
  646  328  113
  522  599   50
  608  159  278
  745  664  808
  381  689  708
  485  156  334
  499  918  516
  850  739  943
  207  429  784
  704  344   97
  353  446  912
  677  909  495
  445  290  829
  831  683  643
  299  870  894
  243  608  433
  695  156  975
  171   97  130
  290  583  788
  422  591  744
  661  506  357
  970   23  744
  112  518   60
  831  968  185
  845  169  599
  986  985  768
  370  199  955
  902  194  150
  723  122  638
  887  738   59
  156  872   82
  336  651  368
  596   32  222
  677   97  912
  828  643  909
  187  119  406
  849  408  280
  341  401  418
  309  878  707
  371  874  224
  973  227  871
  981  273   16
  710  401  929
  816  985  454
  971  649   16
  667  950  547
  288  128  832
  292  923  520
  178  831  280
  156  796  113
  625   59  429
  175  382  550
  898  291  866
  522  651  326
  112  127  616
  427  475  352
  576  140  957
  388   19  982
  752   51  987
  214  962  931
  465  170  256
  488  409  328
  489  267  502
  843  757  157
  145  390  918
    3  938   12
  921  310  211
   27  548    3
  565  846  538
  487  205  311
  578  842  467
  292  707  980
  670  694  918
  982  565  735
  447  245  267
  272  520  788
  211  354  170
  645  481  471
  375   65  495
  503  604  282
  895  743   24
  650  698  928
   10  721  749
  249  243  353
  753  431  326
  778  259  428
  811  573  860
  435  545  746
  758  849  260
  208  681  587
   52  567  895
   88  642  705
  240  622  461
  883  924  435
  713   93  154
  759  507  268
   73  350  169
  149  392  317
  645  530  482
  207  284  759
  362  889   27
  694  322  116
  661  215  531
  821  912  367
   44  958  987
  782  879  363
  896  763  810
  489  113   55
  889  272  289
  655  856  438
  349  507  948
  999  520  901
  744  949   77
  625   52  972
  764  168  663
  522  246  869
  240  764  432
  545  690  447
  102  328  158
  873    4  237
  583  706  658
  760  998  851
  181  753  858
  956  500  260
  990   76  262
  970  220  717
  748  470  381
  633  334  617
  335  463  900
  162  335  477
  333  153  752
  277  425  862
  453  258  725
   76  908  349
  850  810  244
   93  850  636
  503  982  173
  937  818   28
  854  533  462
  112   46   38
  988  898  961
  563  845  906
  886  288  473
  621  239   47
  405  109  134
  203  528  437
  245  652  376
  452  190  935
  918  558   85
  791  517  401
  189  491  408
   93  737  422
  674  703  665
  709  313  897
  306  154  702
  871  587  480
   51  572  345
  874  431   49
   79  386  358
  220  833  246
  170  292  543
   12  971  569
  128  619  895
  289   96  147
   50  900  970
   50  414  105
  946  178  422
  616  756   80
   75  167  350
