departure location: 49-345 or 656-971
departure time: 43-357 or 643-952
seat: 40-414 or 588-967
price: 34-329 or 672-972
arrival platform: 26-337 or 664-974
departure platform: 42-420 or 578-959
arrival station: 30-372 or 629-957
arrival track: 40-387 or 614-964
arrival location: 46-408 or 595-974
type: 35-433 or 564-962
duration: 41-391 or 609-973
row: 45-398 or 602-964
departure station: 42-351 or 651-969
departure date: 25-379 or 623-962
route: 26-314 or 686-966
wagon: 28-300 or 697-951
class: 48-321 or 677-967
zone: 41-427 or 572-953
departure track: 26-365 or 636-960
train: 39-307 or 692-953

your ticket:
904,845,908,806,266,926,698,833,819,87,290,204,83,58,200,881,871,159,214,942

nearby tickets:
939,214,906,165,194,83,251,851,860,887,271,89,765,791,792,57,725,206,906,266
948,264,814,752,148,73,842,284,807,947,263,63,270,218,134,293,93,822,877,912
250,57,257,748,688,266,845,576,208,904,838,65,838,57,184,64,745,822,181,786
766,816,760,793,192,250,229,85,207,183,93,180,925,147,219,763,761,17,898,50
248,87,256,118,249,68,61,159,217,807,52,68,162,855,292,261,91,100,757,895
850,877,185,734,892,211,267,753,114,102,135,117,893,935,51,142,289,209,127,63
739,242,795,755,181,856,816,97,299,827,912,742,123,299,824,89,196,745,706,779
142,128,294,921,135,870,118,135,243,865,858,980,284,854,853,747,769,878,149,191
119,864,299,160,232,194,597,117,817,298,161,752,78,118,252,268,734,184,893,162
108,730,224,287,836,256,243,728,114,863,138,819,854,584,177,881,774,929,737,104
751,892,887,793,778,886,918,67,141,856,870,255,798,95,798,226,788,219,869,142
795,793,901,904,63,215,872,848,995,742,760,235,751,929,706,265,945,71,935,739
204,226,904,160,93,942,757,79,724,213,878,894,106,908,96,270,117,169,64,62
937,229,177,942,300,275,256,702,232,935,52,239,116,154,636,884,199,884,829,921
79,212,886,53,73,726,153,210,57,70,749,800,820,78,253,280,294,756,298,761
105,237,70,932,191,102,68,868,740,771,224,258,178,213,62,748,864,987,854,69
275,941,877,173,882,942,899,764,259,771,627,296,855,242,841,145,230,732,760,866
869,179,870,725,243,60,143,184,207,715,90,73,714,755,215,852,99,822,886,919
219,947,807,735,708,852,189,227,947,825,741,101,769,258,64,73,125,157,299,238
65,903,286,913,865,699,865,234,867,797,121,789,98,726,212,899,884,982,266,914
141,102,801,864,167,845,177,157,121,881,924,133,143,767,251,881,232,155,927,924
830,184,266,916,261,218,813,271,750,177,947,868,907,876,227,237,265,223,939,60
122,214,748,877,138,739,94,884,820,131,869,723,164,189,886,138,712,154,862,170
728,850,185,767,744,229,187,746,241,297,248,14,705,174,269,702,717,72,86,699
228,926,139,153,150,161,887,815,720,723,248,894,724,753,738,273,178,873,97,283
705,59,796,67,780,724,762,127,74,180,114,943,195,263,812,588,156,299,784,292
130,705,187,781,198,924,59,745,701,99,784,799,289,774,223,124,718,181,60,948
800,77,168,132,929,827,61,713,936,148,893,61,111,853,869,238,884,708,12,117
869,859,709,791,771,57,889,828,710,111,813,764,195,880,808,699,62,828,96,209
300,700,868,699,115,838,842,806,850,130,247,817,123,252,194,194,865,371,862,780
66,255,872,845,764,775,237,870,724,121,187,928,931,860,61,900,124,882,819,804
715,266,771,806,222,199,986,765,884,50,78,289,268,838,913,288,178,221,257,854
210,916,195,127,161,171,908,829,218,856,855,702,223,55,732,227,116,300,190,804
255,68,759,71,832,799,858,847,747,745,824,703,53,929,936,913,222,66,871,735
241,834,848,87,811,180,772,198,189,861,746,721,167,930,909,208,914,179,762,130
53,809,773,227,897,853,8,64,293,737,200,164,218,837,802,759,159,287,207,106
226,618,702,913,821,799,209,702,719,938,290,699,734,113,174,205,192,252,50,128
791,60,96,934,798,787,274,711,114,64,159,824,705,803,919,787,783,815,740,787
291,225,92,235,824,886,84,58,856,231,292,795,198,77,799,89,914,709,867,212
870,822,746,239,68,78,150,907,222,792,141,999,214,228,902,90,921,276,205,223
71,190,609,237,87,839,67,890,222,728,760,839,296,724,702,794,203,287,852,270
868,913,887,923,282,167,937,54,181,705,59,145,259,919,793,816,947,163,119,707
702,817,814,942,84,779,914,775,801,86,148,937,131,146,272,763,114,58,708,200
762,856,134,781,908,134,169,173,881,890,154,856,19,55,810,708,229,115,881,270
830,138,177,59,764,800,701,180,284,851,628,231,769,836,879,852,183,209,107,293
224,823,871,859,86,747,927,829,834,868,769,158,205,935,924,935,922,294,830,117
777,858,745,943,785,914,807,707,209,230,255,850,924,870,858,800,213,178,171,910
131,912,914,274,725,780,705,738,741,784,714,870,109,199,928,866,274,847,124,989
269,276,234,889,221,720,750,243,779,915,754,939,768,938,907,189,113,632,242,817
748,77,297,849,850,725,808,758,777,922,234,176,268,95,857,95,251,898,328,923
798,86,219,907,928,271,942,936,710,797,757,119,813,267,804,826,116,817,268,278
908,812,761,77,176,987,122,804,793,236,831,182,230,801,183,786,79,877,92,204
902,201,225,799,929,169,247,66,888,81,150,53,904,745,235,922,175,289,327,147
840,776,235,857,194,727,235,120,92,81,801,831,77,289,110,847,808,146,91,831
749,230,754,751,726,246,198,138,132,771,891,284,874,722,638,277,820,758,769,287
889,740,189,846,915,783,864,297,255,986,112,134,928,764,773,203,239,821,703,65
767,796,187,141,199,290,767,724,697,838,235,293,821,718,55,275,187,877,829,806
163,726,152,790,224,846,60,926,114,113,216,279,130,258,805,887,748,844,224,890
768,902,96,136,132,747,297,129,898,820,731,112,886,855,860,800,106,895,287,173
796,877,886,211,853,819,903,772,112,821,902,89,12,200,706,134,55,900,850,290
697,206,272,141,923,711,787,752,150,70,86,68,260,754,155,857,227,184,112,894
210,181,936,217,809,844,853,765,150,820,881,201,855,778,769,298,246,252,911,121
938,152,733,724,287,705,923,184,736,903,247,195,736,795,884,274,716,92,64,892
726,995,718,150,146,914,914,896,805,779,818,912,818,85,905,192,230,114,172,233
128,292,722,143,241,721,916,790,912,126,882,154,785,298,175,806,270,847,192,235
759,273,719,608,727,151,720,199,289,267,210,705,94,75,752,245,141,64,773,284
742,739,873,92,263,698,913,784,739,241,138,764,805,933,842,767,126,937,236,195
231,698,214,284,123,867,131,295,823,16,168,758,257,816,172,713,100,256,806,189
715,68,58,76,934,54,284,705,71,850,242,753,171,770,110,899,723,109,53,755
173,731,144,889,56,128,742,112,949,97,755,183,235,847,904,154,200,785,71,818
727,936,798,818,85,256,280,175,760,204,753,148,180,174,748,150,737,94,830,818
820,223,717,167,138,245,83,128,747,237,768,999,867,60,871,899,942,79,136,833
782,192,880,51,788,739,722,851,918,848,926,87,134,738,126,156,907,732,207,195
116,850,768,158,856,189,758,77,924,182,50,726,922,816,67,812,178,754,80,700
355,729,178,183,160,737,794,136,815,806,924,58,707,796,122,828,857,844,288,934
192,986,829,722,755,280,184,936,750,697,126,888,878,904,242,62,941,162,880,819
205,713,732,80,175,943,742,99,224,138,271,165,100,54,758,149,198,179,829,752
648,221,758,89,171,771,739,717,751,885,92,293,301,709,781,750,853,273,247,911
760,215,901,804,802,290,873,767,212,221,243,898,702,835,185,829,728,872,832,729
52,98,172,291,730,210,703,986,94,236,750,748,753,164,822,226,855,128,248,160
295,61,137,103,253,829,126,815,267,898,215,123,860,127,826,809,185,72,53,55
268,751,295,240,946,767,742,783,59,61,949,824,107,62,822,819,786,834,822,170
888,136,81,900,198,712,69,269,858,939,736,946,257,245,119,787,868,861,744,168
752,990,89,705,890,55,56,98,945,914,825,263,114,262,214,947,161,881,130,126
81,276,845,783,167,946,283,193,768,745,778,800,842,256,727,779,286,863,922,915
100,788,155,889,172,212,130,882,700,215,92,228,111,258,128,900,718,150,63,145
256,943,775,887,268,715,719,260,62,169,221,288,763,892,752,298,207,209,839,733
948,805,113,992,872,856,299,73,203,285,133,181,842,932,824,192,701,166,83,921
291,841,931,697,282,824,268,811,904,178,871,346,300,825,908,293,181,262,829,848
267,280,110,106,254,870,746,125,722,816,875,751,52,737,802,847,778,796,767,893
771,85,58,194,701,887,769,89,723,223,763,241,702,932,813,137,140,929,731,225
922,68,719,249,299,15,186,697,743,856,810,780,161,295,834,222,199,844,188,820
136,188,778,279,201,252,69,262,722,153,825,810,706,916,806,126,898,216,128,809
849,60,928,135,846,180,598,856,193,852,213,137,193,205,135,919,826,168,830,706
738,221,747,605,716,785,265,783,743,796,219,229,287,841,904,777,151,112,222,193
288,122,898,152,813,177,794,152,928,213,294,742,890,765,112,68,874,932,10,177
128,782,239,154,159,200,85,766,822,263,792,243,245,267,67,794,178,802,798,244
250,241,740,85,883,225,759,770,907,745,756,211,146,129,275,925,87,84,790,711
66,115,131,269,282,264,745,903,220,223,66,743,110,293,758,781,96,61,128,838
235,892,711,896,196,863,876,87,759,77,851,255,137,729,3,858,174,860,800,753
716,741,613,844,156,151,931,762,792,82,125,105,731,836,871,817,917,271,720,82
164,941,226,709,161,904,180,722,78,782,947,859,823,711,875,114,256,248,280,100
99,832,55,799,108,115,781,62,795,255,216,101,186,291,701,880,702,897,234,52
836,933,60,201,80,833,814,157,272,161,827,707,993,275,854,735,709,296,814,946
717,948,65,802,702,710,753,151,288,811,777,149,813,99,244,912,723,846,750,733
177,871,81,114,119,81,601,214,194,685,87,704,806,292,870,190,783,900,940,282
171,847,933,713,197,222,267,179,72,701,263,279,744,63,901,221,157,131,770,819
106,244,87,117,893,989,869,705,223,913,928,909,144,736,776,874,261,143,296,256
89,300,787,877,840,68,226,289,717,908,716,59,747,867,830,755,143,706,849,763
723,172,797,606,821,87,265,825,886,156,886,289,844,279,179,258,697,190,859,867
790,807,709,141,89,877,113,59,890,194,809,231,110,164,641,913,710,942,777,757
883,836,53,771,110,909,124,150,825,12,725,856,268,200,849,59,871,817,182,102
222,808,757,63,70,937,759,872,244,267,809,854,842,232,702,200,809,171,774,934
266,820,854,126,762,784,834,297,886,749,905,815,770,90,77,847,856,144,298,716
241,907,238,882,877,155,104,84,252,237,289,872,140,218,900,152,836,752,155,211
810,779,933,206,53,293,828,836,244,783,854,14,282,267,723,223,945,134,189,127
733,790,792,268,312,265,914,904,83,206,699,948,696,900,729,73,925,697,703,118
805,177,265,820,730,85,122,841,182,139,145,104,903,157,52,811,251,281,921,164
176,55,162,838,82,171,156,742,211,275,871,79,818,827,92,73,932,196,745,792
928,133,948,822,823,135,894,67,119,136,991,273,67,764,769,178,213,71,214,751
744,872,195,282,760,234,213,114,195,70,919,159,249,723,784,208,721,771,231,110
189,744,947,771,727,51,163,738,244,840,752,126,260,287,748,53,143,931,742,886
705,93,855,716,778,661,697,70,189,191,841,808,735,268,172,187,872,815,919,841
810,70,68,754,724,802,758,714,901,66,176,232,191,2,286,906,859,732,183,846
109,926,873,238,735,101,297,140,854,262,834,228,807,580,50,118,199,110,836,268
191,777,239,939,62,850,699,158,244,709,160,938,71,881,237,138,147,713,904,267
781,384,150,896,932,904,918,234,287,795,906,794,293,759,218,229,234,184,912,855
243,213,983,75,140,97,799,803,855,861,298,724,59,162,764,826,196,140,157,909
850,55,791,65,76,702,157,765,84,863,272,292,61,132,283,237,706,286,172,830
744,78,126,85,933,56,902,79,795,764,166,278,287,204,855,738,931,243,55,938
811,267,88,290,168,162,66,947,873,764,776,730,134,291,223,775,904,170,235,148
789,821,88,92,948,220,236,234,885,98,772,244,222,742,864,170,267,824,897,996
838,706,941,90,780,831,249,873,931,939,171,704,739,738,67,795,66,866,856,778
223,875,715,182,793,287,823,858,844,91,278,847,232,80,823,112,128,762,854,433
81,871,945,930,126,660,254,882,91,943,238,784,89,698,139,721,731,931,255,294
59,181,154,803,271,823,891,232,70,764,78,994,248,894,699,780,186,213,905,298
111,916,124,749,916,116,80,809,56,80,706,902,728,861,271,149,85,913,749,260
167,781,902,746,278,751,89,726,813,772,260,805,145,872,896,590,222,921,734,917
185,706,948,261,786,73,922,191,291,278,271,823,89,276,81,793,234,100,215,162
251,247,935,875,295,123,840,114,862,284,770,97,741,144,212,131,6,786,162,130
932,857,220,178,119,898,170,716,875,767,757,247,84,78,858,260,901,137,856,915
61,106,173,73,893,725,124,807,795,809,86,258,887,269,176,288,788,138,205,280
801,222,98,284,120,256,760,767,832,51,198,187,760,891,773,830,911,872,856,277
127,893,882,785,253,946,939,794,848,235,281,914,751,856,198,163,175,3,98,885
859,180,265,177,742,65,62,845,929,160,785,852,774,787,867,877,245,273,946,194
829,100,916,94,717,941,923,801,749,867,282,726,756,250,925,876,862,234,184,215
832,148,168,292,137,849,149,91,133,152,171,800,275,830,259,699,718,936,722,699
769,63,773,942,57,247,884,880,82,794,207,240,996,243,202,769,133,802,147,195
163,848,217,720,898,753,714,924,171,701,931,923,185,209,926,817,299,874,869,282
864,197,134,152,176,154,920,803,895,51,268,286,858,154,162,192,761,185,766,869
901,898,231,209,310,203,211,744,912,215,288,161,171,815,738,775,783,185,816,719
761,298,985,705,884,176,212,249,148,209,258,916,274,713,906,917,842,205,294,232
147,718,901,190,740,745,236,218,240,288,62,717,53,856,806,225,272,878,260,220
278,75,773,154,738,132,119,109,257,255,923,54,894,151,701,739,761,780,931,265
221,68,711,187,145,289,191,138,840,315,745,776,731,843,236,862,204,119,898,134
706,160,88,160,103,130,758,753,854,156,779,732,118,713,700,890,7,118,838,88
818,769,723,888,187,760,892,817,144,163,911,869,102,814,873,103,891,234,746,72
249,792,767,160,235,934,291,220,842,739,277,186,196,872,874,138,299,772,79,865
731,806,903,771,903,249,236,838,212,896,810,901,843,243,730,732,848,848,281,271
918,18,879,777,232,908,115,244,814,109,73,700,267,222,744,272,234,260,802,105
253,89,247,921,881,930,178,141,842,729,208,797,941,892,225,140,56,177,236,163
260,929,78,230,170,915,860,169,828,761,936,283,251,864,95,138,144,124,796,796
735,257,812,891,89,142,867,242,276,773,112,832,710,704,224,150,796,130,929,191
869,874,885,121,290,839,732,96,212,163,18,200,856,266,823,881,256,775,852,928
196,62,51,918,273,883,842,147,797,246,769,742,711,699,789,948,706,871,912,949
95,134,164,166,124,753,822,883,146,683,771,113,110,836,919,414,58,707,209,284
71,834,130,769,832,173,914,756,226,155,933,854,183,120,736,868,224,164,706,260
101,697,144,864,151,253,137,903,716,773,298,923,139,830,297,914,790,101,995,78
797,722,141,175,705,863,167,219,281,793,136,911,831,770,95,884,915,127,197,139
890,273,184,276,731,713,146,230,940,721,763,738,186,748,701,809,299,819,140,825
938,240,123,897,792,273,821,858,937,235,788,120,906,771,834,96,99,893,232,198
108,915,148,159,256,819,296,187,278,832,180,170,996,817,237,246,939,133,914,266
223,774,125,821,148,228,84,872,220,760,714,62,138,862,209,102,80,59,151,895
731,139,96,300,119,299,838,55,741,184,628,892,897,892,268,128,196,221,890,168
150,283,794,215,705,281,924,134,69,297,833,881,239,939,887,722,704,147,78,209
61,78,171,698,700,217,784,59,62,256,8,274,833,934,870,214,269,265,924,72
945,705,789,148,927,906,136,932,297,908,740,910,225,745,133,195,77,764,223,870
907,869,777,50,835,50,840,849,779,100,108,827,143,64,90,766,280,92,740,709
116,295,59,208,897,154,69,75,821,275,822,258,122,164,873,825,200,131,946,821
212,262,870,295,228,161,899,251,117,796,911,9,869,774,168,847,110,138,193,190
152,818,241,697,843,781,948,298,721,219,134,827,899,846,124,836,732,139,135,295
863,260,767,904,272,215,773,715,867,795,259,83,201,281,855,101,727,160,762,874
939,246,802,767,200,261,923,175,66,913,794,839,818,161,866,871,189,935,239,875
265,68,90,730,872,14,124,803,219,234,900,847,724,77,231,95,717,839,226,935
717,118,793,837,78,180,717,173,725,276,89,847,870,757,160,221,260,731,826,84
170,233,794,803,169,757,82,115,916,224,294,907,90,732,137,87,140,121,280,254
776,281,753,911,857,103,752,257,893,824,818,215,302,833,209,840,217,852,287,565
905,863,919,260,742,213,255,697,14,284,146,705,97,298,838,908,190,53,158,287
293,721,153,930,73,932,191,768,802,880,943,830,872,728,804,710,152,203,885,154
214,138,259,862,875,869,841,710,844,184,800,111,74,73,219,209,125,151,777,722
837,294,132,60,944,252,212,74,670,55,901,83,59,118,262,817,56,51,161,257
992,300,898,81,846,253,948,745,145,63,152,706,759,732,81,104,295,803,925,851
809,134,187,246,292,57,159,190,134,143,167,81,740,746,246,769,811,184,857,62
916,117,806,165,120,758,914,84,63,697,291,935,770,927,136,115,241,149,162,122
643,714,863,717,195,739,796,157,901,81,266,932,200,288,922,936,163,223,274,139
274,941,53,932,825,914,118,795,930,130,903,211,149,923,196,5,874,770,238,231
901,207,166,800,824,868,278,99,775,124,802,291,879,878,752,925,95,827,728,280
240,702,84,270,885,124,157,918,912,764,898,205,766,232,867,772,205,779,189,115
142,940,77,947,811,869,903,178,232,824,876,222,740,123,811,174,129,202,734,51
155,772,810,160,136,243,77,705,283,744,163,114,114,222,781,857,235,285,9,798
703,852,121,761,716,740,921,105,717,263,84,138,290,196,209,236,151,764,893,790
222,904,778,202,243,101,808,237,58,794,947,892,755,195,724,186,937,94,909,700
937,296,232,190,845,99,293,778,744,185,811,346,213,704,802,122,224,724,776,260
723,709,815,922,898,757,148,892,730,173,296,822,259,824,143,797,827,117,720,995
179,91,756,146,185,252,282,227,705,923,817,746,813,227,102,713,793,267,927,195
273,214,871,863,300,225,872,426,250,701,826,931,846,849,137,807,170,702,839,280
896,698,940,123,842,205,251,881,260,802,144,769,148,279,148,71,199,282,895,279
887,106,252,829,698,86,882,258,885,123,19,862,774,182,931,769,136,732,871,757
730,179,809,249,835,786,697,831,198,841,806,793,790,162,816,923,861,835,88,134
58,807,94,134,161,711,847,265,777,930,167,266,50,891,786,270,793,286,222,229
277,274,143,918,918,66,934,913,120,859,706,237,115,127,728,886,283,697,909,229
90,718,81,929,284,825,61,808,697,990,777,762,119,893,85,883,73,242,728,183
56,861,864,771,97,787,861,234,842,736,98,790,848,905,713,234,114,770,231,765
168,94,832,849,120,127,164,94,705,856,177,156,901,72,103,926,938,220,770,285
849,268,789,173,949,272,836,744,111,208,185,266,858,582,167,144,840,184,829,173
885,883,153,275,70,10,139,117,177,175,770,109,873,260,186,298,865,877,917,840
227,293,764,168,211,829,256,791,719,233,100,101,138,764,861,157,195,185,140,192
728,268,254,892,225,843,896,844,671,930,878,842,786,795,210,763,899,284,248,873
790,891,752,115,891,907,819,928,725,737,813,90,750,749,890,881,222,138,893,901
213,137,772,144,868,182,200,3,888,262,912,255,164,754,798,270,149,178,827,70
850,774,69,79,282,50,123,227,837,842,117,830,740,830,117,60,140,936,887,162
293,290,62,740,885,145,777,422,664,277,217,773,68,269,791,922,770,944,127,768
875,914,719,858,767,923,213,946,288,146,135,879,221,849,927,250,821,926,862,901
281,266,923,162,153,777,76,262,215,153,168,293,151,75,998,705,721,97,771,784
142,246,610,834,171,285,167,914,908,876,75,747,223,145,788,177,190,75,298,279
230,289,179,246,98,224,272,111,728,164,904,824,298,867,864,857,859,55,709,429
62,299,174,261,806,844,224,785,919,130,140,56,83,816,153,232,245,930,803,241
291,786,54,799,795,112,921,149,838,141,754,930,183,756,778,160,837,115,982,254
289,718,846,773,241,104,945,868,744,787,703,74,238,757,65,848,126,205,721,242
816,272,219,226,897,902,941,264,202,180,55,132,752,176,928,928,877,369,327,129
883,893,125,80,285,187,713,811,881,737,120,112,138,814,191,797,893,850,122,710
181,162,213,874,261,90,188,900,783,859,8,945,230,199,891,104,265,904,729,277
214,204,259,185,128,849,84,281,229,937,152,122,824,70,721,880,247,933,770,203
245,95,767,844,908,183,707,151,803,765,186,83,784,764,726,281,876,113,134,212
901,616,238,201,245,922,790,948,927,936,287,881,183,751,291,231,706,945,138,947
819,754,131,205,176,779,230,809,69,837,143,893,236,170,698,947,202,57,14,191
816,853,226,130,812,71,854,744,122,179,212,101,276,697,292,752,285,777,880,97
59,855,234,864,258,658,69,227,941,919,701,175,915,158,700,56,124,700,205,257
777,263,705,889,795,218,204,775,69,713,743,348,138,766,861,805,283,733,883,921
908,897,62,857,807,218,7,899,947,91,933,698,838,110,114,845,88,238,833,835
