41
49
43
40
11
27
4
22
12
18
47
8
10
15
14
46
44
1
32
17
20
16
21
3
30
13
9
7
10
9
4
15
10
5
9
11
7
5
7
11
6
6
11
11
12
13
13
9
7
9
13
14
15
15
9
15
16
15
12
12
11
13
12
23
15
13
13
20
19
19
23
18
20
24
23
27
21
26
28
26
26
28
24
25
28
28
37
33
33
33
41
38
39
38
42
44
47
49
48
49
50
49
51
54
51
57
70
65
61
70
67
74
83
71
77
83
82
85
80
95
95
101
100
102
101
99
100
112
111
108
137
136
132
145
145
141
162
162
148
167
165
184
175
194
197
200
209
202
210
207
220
220
220
269
273
286
268
293
286
307
303
332
310
332
361
340
381
375
401
399
409
417
409
417
541
488
488
506
542
579
554
575
593
589
617
642
693
707
756
721
800
808
810
905
826
897
950
826
1083
1083
1060
1129
1129
1164
1168
1210
1210
1206
1296
1310
1477
1414
1608
1477
1521
1610
1713
1636
1855
1723
1980
2033
2189
2251
2212
2370
2374
2378
2464
2464
2506
2416
2606
2773
3085
3024
2998
2998
3157
3131
3333
3693
4013
3835
4013
4222
4403
4463
4582
4752
4752
4790
5112
5022
4970
5504
5797
6022
5904
6129
6129
6155
6288
7026
7706
7168
7915
8057
8057
8595
9045
9253
9433
9604
9812
9760
10294
10134
10767
11408
11526
12059
12033
12059
13155
13314
12443
13314
15083
15225
17640
17640
18298
18478
19037
18857
19013
19364
20428
20579
21061
20428
21660
24092
24092
25598
24476
25214
28238
25757
30083
28397
28397
32865
33523
36497
36653
37515
38401
38221
39436
41640
41007
41489
42088
44904
44904
45752
51355
50971
51355
53995
53995
55840
63606
63606
69518
70176
71038
70176
74012
77837
77837
79890
79710
83577
83577
83577
90656
87840
96259
105350
106811
119446
109835
117601
125358
109835
133782
137618
137618
148875
148875
153722
157727
153902
159600
161414
167550
184099
179836
188927
178496
212161
184099
215185
215185
244804
243617
243617
247453
262976
291340
286493
286493
311449
313502
306602
315316
327150
346046
328964
351649
368763
367423
396260
362595
399284
396260
428903
459989
459989
549469
534957
510429
597942
569578
593095
628818
620104
642466
635566
633752
675010
673196
697695
680613
714244
736186
828187
856249
856249
906689
825163
1045386
1045386
1080007
1162673
1108371
1162673
1191037
1189682
1213199
1269318
1262570
1308762
1353809
1331447
1355623
1370891
1411939
1416799
1561349
1653350
1873573
1952075
1762938
1933534
2188378
2271044
2125393
2299408
2375872
2352355
2380719
2380719
2452252
2578080
2685256
2664385
2724700
2726514
2787690
2916972
3065289
2978148
3214699
3807107
3605425
3998966
4077468
4033982
4487786
4651763
4396437
4424801
4651763
4828124
5016740
5263336
5349641
5263336
5304594
5411770
5514204
5641672
5852979
6043437
5895120
6670714
6785255
7213665
7841089
8473905
8076434
8458783
8821238
9252925
9441541
9048200
9479887
9956357
10132718
10612977
10654235
10761411
11053442
11155876
11367183
11896416
12523693
11938557
11938557
15054754
15290099
15917523
16932688
16897672
17280021
17280021
18262779
17869438
18921428
19436244
19612605
20092864
20745695
20786953
21917287
22523059
23263599
22420625
23305740
24420109
27186515
27578447
32815195
32187771
32187771
32222787
32850211
35542800
35819100
35149459
35149459
37305682
36790866
39048849
40399558
42704240
42010151
43207578
45684224
45180886
45828799
46569339
45726365
47725849
56642896
59801234
65037982
67964654
70692259
65072998
67765587
72609966
72609966
74198308
74096548
75549017
75839715
77190424
81059000
83607136
228555125
88891802
91555164
92398138
91009685
93554648
94295188
110764347
121715894
132803569
132803569
138656913
137682964
141862135
139169546
149747325
149936263
148294856
152739441
158249424
152739441
159446851
179901487
180446966
180446966
180446966
182564849
185850352
186693326
205059535
204318995
232480241
260372807
276339877
274665704
279545099
280519048
287464402
289105809
298231119
302486766
310988865
301034297
338150911
339348338
360348453
365751839
365751839
363011815
384765961
391012321
391012321
390169347
391752861
464691802
508820118
512025340
556858925
563804279
562130106
578750167
590140106
591592575
599265416
603521063
677499249
650337203
698499364
698499364
728763654
747777776
750517800
781181668
781922208
775778282
781181668
781181668
1020845458
976717142
976717142
1070950224
1140880273
1142554446
1155396854
1152270212
1168890273
1189405522
1195113638
1297764780
1302020427
1348836567
1398114979
1479281454
1446277140
1556959950
1556959950
1557700490
1557700490
1758639350
1757898810
2161725731
1757898810
1997562600
2211830497
2117597415
2213504670
2294824658
2331959968
2364003911
2358295795
2487170302
2487170302
2695879759
2746951546
2925558594
3036241404
3003237090
3003237090
3315599300
3316339840
3114660440
3315599300
3755461410
3875496225
3969729307
4329427912
4209393097
4331102085
4425335167
4412422073
4545464638
4845466097
4695963879
5183050061
5672510140
5672510140
5621438353
5732121163
6117897530
5928795684
6150901844
6117897530
6117897530
7191095525
7630957635
6870121850
7524992397
8204924137
8179122404
8179122404
8634728264
8957886711
8876566723
9108385952
9879013940
9390930735
10317402232
11293948493
11111845745
11660916847
11601305824
11883023007
12268799374
13021023694
12798917534
14716087922
14061217375
14501079485
15155950032
14395114247
15049244254
15729916534
17834453434
17743114216
17287508356
17743114216
17984952675
19708332967
20990859685
20684879228
20502776480
22713151569
22405794238
23380645119
23484328831
24904046701
25819941228
26330016749
28562296860
27299997019
28562296860
29551064279
30885866566
31682622603
32792358470
32336752610
35728066891
35577567650
35728066891
35030622572
38487729155
38975812360
42114127205
43215928049
41187655708
43987105311
46864973950
48388375532
51234063450
51234063450
53119938247
54892313609
56851061298
60436930845
55862293879
60244919463
64474981073
65129111080
68369926120
71305634541
70824481765
70758689463
74553380010
74006434932
79675384863
80601856360
82191740409
86101232516
85174761019
88052629658
104354001697
108012251856
104250669411
107096357329
106126377059
110754607488
112713355177
116107213342
125566041925
132844907193
125374030543
135887800543
133499037200
141583171228
144765124395
144765124395
150434074326
156745120419
167366501428
164850145882
168292972925
189425430430
189528762716
189425430430
213222734388
208604671108
210377046470
218839732236
222233590401
231500407602
236320649413
241673255267
258873067743
266343944393
277470971771
258873067743
283933111526
292017245554
301510244814
295199198721
321595266301
335659474353
354275576312
354275576312
354275576312
357718403355
399905809186
399802476900
421827405496
429216778706
427444403344
450340139838
441073322637
463906845668
477993904680
525217012136
525606366793
543814916164
525217012136
575950357080
575950357080
616794465022
637169719167
657254740654
711993979667
693377877708
693377877708
821733214682
754078053212
799708286086
821629882396
851044184202
827246880244
872167545334
904980168305
928334044518
941900750348
1003600271473
1069421282957
1101556723873
1069031928300
1069031928300
1253964184189
1192744822102
1253964184189
1269328234788
1349163698834
1294424459821
1493086163794
1575707935608
1621441500768
1575811267894
1648876762640
1605122237414
1693797427730
1732227048549
1833314212823
1870234794866
1846880918653
1997365972818
2072632199773
2043457474221
2072632199773
2446709006291
2370884958661
2261776750402
2487169281923
2523292418977
2523292418977
2762414398582
2924871634442
2787510623615
3180830173022
3226563738182
3224584698248
3226563738182
3426024476279
3565541261372
3527111640553
3564032222596
3717115713519
3680195131476
3919513118426
4305234224623
4414342432882
4414342432882
4116089673994
4748946032325
4785069169379
5249583680505
5249583680505
5448164053419
5943244571604
5968340796637
5549925022197
6151435372624
6405414871270
6405414871270
6990056698875
6753675378735
6953136116832
7091143863149
7245736392848
7483545341022
7636628831945
7796284805470
8421323898617
8865035706319
9090303394002
9163288465207
9365673354499
9365673354499
10799508702702
10697747733924
11192828252109
11217924477142
11599599426043
12119776169261
12556850243894
12303600400932
13358550988102
13358550988102
13706811495567
13999411771583
13844819241884
14727772695094
14727772695094
14729281733870
16661320511789
16726932225947
17286359604936
18230709060818
19788051127926
18528961819706
21992336954811
20063421088423
20063421088423
22399108128745
22297347159967
23496428653041
24860450644826
24676626413155
27065362483669
26263661739461
27357962759685
27706223267150
28572591936978
28434584190661
31390602245659
31389093206883
31454704921041
29457054428964
34892029572607
34892029572607
38018760188744
38018760188744
