1166
1913
1345
1657
1812
1459
1579
1694
1800
1344
1275
1121
1134
1682
1112
1334
1150
1880
1594
1753
1425
1113
1658
1448
1530
1401
1298
572
1774
1394
1409
1445
1187
1505
1210
1516
1898
1706
2001
1957
1382
1866
1116
1233
1768
2005
1201
1821
1304
1720
1330
1981
1153
1641
1115
1652
1561
1102
1645
1485
1214
1368
1224
1156
1251
1789
1439
1354
1129
1672
1413
1267
1571
1887
1643
1661
1756
1712
1804
1235
1935
1633
1776
1954
1391
1231
1544
2007
1624
1140
1165
1962
1548
1243
1670
1477
1647
1593
1429
1779
1951
1545
1531
1909
1369
1256
1262
1761
1963
1244
1746
1383
1971
1319
1882
1983
483
1581
1980
1406
1897
1727
1283
1618
1735
1191
1835
1164
1122
1478
1858
1772
1404
1949
1636
1942
1277
1964
1317
1931
1701
1347
1451
1322
1877
1212
1585
1438
1587
1238
1943
1497
1456
1679
1595
1213
1526
1737
1584
1796
381
1588
1591
1393
1686
1925
1346
1142
1769
1342
1977
1125
1179
1291
1225
1260
1558
1801
1234
1765
1702
1994
1356
1826
1498
1820
1349
1310
1444
1407
1717
1323
1186
1993
1669
1603
1447
1832
1103
2002
