73 71 69 67 64
82 79 78 76 78 77 73
74 71 69 66 64 63 61 59
27 26 25 22 19 21 15
22 20 19 17 14 13
42 37 35 38 31 28
34 35 36 39 42 44 45 47
38 36 34 31 32 28 25 22
95 95 93 95 99 99 99 99
73 72 69 66 63
84 79 86 89 88 93 96
83 85 80 82 89
68 67 65 64 62 60
14 17 19 22 26 25
74 75 77 78 84
73 64 63 66 62
28 25 24 21 19 17
16 17 22 14 21
22 24 26 28 30 33
32 34 35 33 43 40 42 48
52 54 55 58 59 60
40 38 30 32 31 29 27
20 17 16 15 14 13 12
87 89 91 87 93 95 97
87 88 89 91 94 97 98
70 68 66 65 63
55 58 60 63 59 65 66 67
86 85 83 81 79 76
24 26 29 31 34 36
79 79 78 75 72 70 68
29 28 20 22 21
48 53 54 56 57 60 62 64
32 26 28 23 22 20
45 47 47 52 55
18 20 23 24 25 28 29
64 65 70 69 70 65
62 65 66 67 70
12 10 14 5 3 1 1
80 78 76 75 74 71 73 66
82 85 88 90 93
13 10 7 5 3 1
90 90 96 99 99 99 99
76 73 75 84 79 82
64 69 66 69 70 73
42 37 35 34 32 30
53 55 57 64 61 63
65 68 70 73 74
18 20 22 24 27 28 23 30
78 77 75 79 71 69
30 33 36 39 40 42
29 28 26 24 23 20 22 17
13 14 16 19 20 21 23 25
15 17 22 15 13
52 48 49 49 44 38 40 39
52 50 48 47 44 41 38
49 52 47 54 55 50
86 88 91 94 96 98 99 99
36 33 32 31 30
66 69 70 71 73 77 77 78
32 34 31 38 40 43 45 46
78 77 76 73 71 69
54 51 49 48 45 44
33 32 29 28 25 24
32 30 27 25 24 23 27 18
48 49 50 52 53 55 56 58
49 50 53 55 58
89 87 82 84 82 79 77
14 14 19 20 29
51 52 54 56 57 59 62 63
75 76 78 79 82 83 84
64 63 62 59 58 56 54
58 59 62 63 66 67 68 71
25 24 29 21 18 16
55 54 52 50 47 45
62 65 66 68 71 72 75 78
83 86 89 92 93 95
14 16 17 20 23 24 27
82 85 82 80 79
6 9 8 1 2 1 1
29 25 26 25 28 19 16
83 85 86 91 89 90 93 94
18 17 15 18 11 3
23 24 20 18 12 12 11
45 42 49 51 53
80 78 73 80 83 86 89
44 46 48 50 51
33 33 41 43 45 46 47
80 79 77 76 73
65 67 64 72 75 76 79 81
17 16 15 12 9 13 5
45 46 48 50 53 55 58 61
90 83 92 85 85
39 41 43 42 46 47 48
34 33 31 29 28
25 17 15 19 16 15 13
72 69 68 66 65 63
19 25 16 13 12 11
35 38 41 44 46 48 51
76 70 71 70 61 66
35 32 30 28 25 24 21 20
45 42 40 38 37 35 27 31
32 31 28 25 23
48 45 44 42 39 37 36 33
58 62 59 58 55 53 51 48
66 57 62 59 57 56 54 52
21 19 16 14 12
71 74 75 77 75 81
27 29 32 35 37
42 44 38 36 33
65 67 70 75 77 77 80 81
84 82 77 77 74 72
37 45 46 48 50 53 54 60
61 64 66 69 70
89 86 84 82 80 79 78 76
30 40 35 37 39
66 68 69 79 73 76 77
75 73 70 67 68 67
48 50 51 58 53 54 56 56
50 47 45 43 40 37 34
51 48 46 44 43 41 39 36
47 49 51 54 55
57 59 61 62 65 73
39 36 35 32 30 29 28 25
10 9 6 5 2
62 59 57 55 53 52 50
60 59 57 54 51
63 65 67 64 69
42 45 48 51 53
89 91 94 97 99 99 99
28 30 32 33 34 35 37 39
49 51 54 56 62 61
23 29 28 29 30 33 41
30 21 19 17 15 20 11 7
88 89 92 93 95 97
14 17 20 15 23 25 27 33
30 28 23 25 17 22
85 86 89 90 92 93 96 99
73 71 74 65 62 60 61
58 56 53 50 48 46 44
57 54 47 52 46 42
58 56 54 57 50 49 47 44
83 84 83 87 89 90
85 84 81 78 75 72 71 69
83 84 85 88 90 93 92 92
66 68 69 70 71 73 76 77
32 33 34 36 38 39 41
16 14 11 8 5
50 52 55 58 61 63 65 73
22 24 25 27 29 24 31 33
21 18 15 12 9
77 73 74 75 76
60 61 58 65 65 67 71
48 49 50 49 54 56
38 35 33 32 31
81 83 86 91 89 99
16 14 15 9 13
90 84 81 86 77 74 71
21 18 17 15 12 4
78 77 70 75 73 72 69 64
28 32 32 35 37 34
80 87 86 87 88
21 26 16 14 13
32 34 37 40 41 44 47
35 36 39 40 42 46 45 52
23 25 28 30 32
51 55 44 48 43
73 70 68 60 64 62 60 59
66 63 60 57 56
15 11 13 10 7 1 3 1
39 37 35 33 32 30 29
33 31 36 28 26 23
77 74 71 69 67
18 20 21 22 24 25 27 30
79 80 83 84 86 88 89 91
15 16 19 18 30
79 82 85 87 90 91 92
29 28 26 23 22 21
78 80 87 82 84 86 88 90
12 9 8 7 5 3
62 65 66 67 69 69 83
88 91 94 99 99 99
76 75 73 70 69 66 65 64
78 79 76 83 86 88 90
59 60 61 64 65 67
56 54 52 49 48
23 25 28 31 32 33 35 38
84 85 87 89 92 93 94 97
81 84 83 81 78 77 74 71
36 33 31 29 28 25 22 19
76 77 80 83 87
78 84 80 74 74
25 23 21 19 17 16 14
74 71 69 67 66 65 63 61
54 57 60 61 62 64 67 70
88 89 83 82 80
17 11 3 10 6 4
22 21 19 18 15
73 70 74 73 72
68 69 72 70 78 79 81 83
11 10 9 7 6 9
88 86 79 83 81
85 80 80 79 79 74 78
86 79 82 81 80 79
18 21 24 26 28 29 31 32
24 26 20 24 21
67 70 72 73 74 76
9 14 6 9 8 5
43 42 39 45 35 33
43 44 47 48 57 60
43 45 48 49 48 53
68 70 73 75 76
70 74 75 83 79
44 47 50 52 54
90 87 84 83 82 80 77 75
32 35 37 45 44 44 46
62 59 56 54 51 48 45
30 32 34 35 37
56 58 61 64 69
72 63 65 66 69 71
37 40 41 41 49 47 49 47
23 25 26 29 32 28 34
65 68 69 74 73 78 77
52 55 58 53 62 64
81 78 85 88 90 92 95
89 92 93 96 97 98
71 77 83 83 86
54 56 59 61 62
30 32 35 38 40 41 43
34 35 37 40 41
23 24 25 28 29 31
35 32 26 27 26 31
70 74 77 78 80 81 84 80
23 24 25 33 34 29
72 69 66 64 62
69 72 72 77 80 82 85 92
57 58 56 53 51 49
15 18 21 24 27 28 29
23 5 17 14 13
51 50 47 46 43 44 37 35
43 42 41 36 38 35 26 27
80 78 82 73 72 73
54 51 60 63 64 62 67 70
58 60 62 63 66 68
77 80 82 85 86
27 25 22 21 16 21
74 71 68 66 63 62 59
32 31 36 26 25
48 47 45 43 42 41 39 36
44 43 42 41 39
71 70 67 66 63 60 59
61 65 56 54 53 50 49
64 63 61 59 56 53 52
68 73 75 77 80
63 64 65 67 68 71 70 82
81 79 78 76 75
57 65 60 61 62
39 35 43 45 48 49
40 43 45 48 47 51 54 55
13 14 15 25 19 22
26 27 22 19 18 15
60 59 58 57 54 53 51 46
67 69 72 74 76
76 75 79 77 64
10 13 13 18 27 23
11 10 9 7 5
54 51 49 46 45 42
61 58 55 52 51 53 49
55 52 51 49 48 45 44 43
15 11 11 10 7 4
81 88 97 98 94 97 99 99
71 72 75 76 77 78
89 98 92 95 97
29 32 25 35 36 43 39
31 32 32 38 40 35
74 71 70 69 68
20 23 26 27 31
31 33 34 37 38 40 43 44
32 38 37 38 39
28 31 30 35 27 24
67 61 53 58 56 53 51
81 84 86 89 92 95 98
40 41 42 47 49 51 54
63 58 56 54 47 51 49 48
82 80 77 76 74 72
34 35 38 39 42
49 50 51 60 54 55
49 51 41 54 56
27 28 29 25 31
32 27 24 28 21
77 77 79 71 70
80 76 75 79 82 84 85
11 10 8 6 3 2 5 1
44 40 40 37 35 32
49 46 43 41 38
50 49 47 44 43 40 38
81 84 85 86 88 89 91
57 58 59 62 64 66
8 15 18 19 21
85 83 80 78 76 75
63 62 60 56 57 54
54 56 59 61 62
50 55 56 58 58 63 64 66
73 75 77 79 82 85
42 45 48 51 52 54 57
51 49 46 40 44 42 41
50 44 43 41 40 39 30
66 69 72 71 74
28 27 24 22 19 17 16
25 26 29 32 33 35
94 91 94 95 96
11 14 15 17 18
64 65 66 75 78
59 57 56 54 51 49
64 61 60 59 63 55 53
38 37 35 32 30 28 31
40 42 41 39 38
71 72 75 77 79 81 82
67 70 72 75 77 79 80 82
31 33 35 38 40 42
38 33 35 45 45
21 24 27 28 30 32
40 38 35 40 31
38 33 30 21 25
21 22 24 26 28
40 48 43 38 47
27 35 38 40 36 45
38 37 34 31 29
73 74 75 78 80 83 86 96
73 70 67 66 63
37 39 43 39 43
86 83 81 78 76 74 72
71 74 72 69 67 66 63
78 74 73 73 71 69 68 66
45 48 51 52 54 56 57
24 25 27 23 30 31 32 34
76 79 81 84 85 86 87 91
54 57 60 61 64 67
40 39 38 36 33 30 29
89 88 87 86 84 82 81 78
19 28 24 26 28 32 32
51 54 55 56 57 59
76 79 66 71 69 67 64
43 45 45 51 46 54
80 79 76 77 66
18 17 14 15 16 7 6
85 84 82 76 70
53 52 56 46 45 44 43
62 59 57 56 61 53
57 60 62 63 66 67
89 92 99 94 95 98
46 47 43 52 55 56 57 69
18 26 23 25 28 25 33
65 66 68 62 59 56 53
13 17 16 13 22 23
67 70 65 69 71 74
40 42 51 43 48
36 37 40 38 43 49
38 37 34 31 28 27 24
60 63 58 65 66 67 64
73 64 62 61 58 56
66 67 68 71 73 75 75
86 93 88 89 90 93 91
87 85 84 81 78 75 72 69
49 46 44 41 43 39 36 41
26 25 24 22 20 19 18
16 17 18 20 21
63 64 66 68 70 67 80 75
87 85 84 81 78 76 73
74 75 78 81 82 84
42 43 44 39 48 50
53 49 48 47 46 44 41
83 80 79 77 76
61 58 55 54 53 51 43 46
64 63 64 66 68 71 72 75
69 67 60 63 60 54
38 43 45 46 48 51 54
72 66 59 63 62 61
21 18 17 16 13 11 9
45 43 40 39 37
82 84 87 88 89 90 92
73 74 76 78 79 80 82
24 31 28 30 32 35 38
5 8 7 5 3 1
12 10 9 7 4 4 5 1
34 32 31 30 29 27 26 24
77 76 73 71 70 68 64
68 66 63 60 57 55
67 68 69 64 73 76
20 14 17 15 14
52 53 56 57 60
48 49 52 53 56 53 61
74 71 70 68 66 68 59 60
45 41 48 44 53 54 57 58
58 60 61 64 66
65 64 62 59 57 55 52 49
32 31 29 27 24
30 28 25 23 20 17 15
40 43 46 55 52
39 42 44 46 47 50 55 52
90 93 96 99 99 99 99
83 80 78 77 73
43 46 43 42 39 38 36 33
16 17 16 21 22 25 23 28
87 93 85 83 82 79 78
75 63 69 68 65 62
82 89 87 90 92
39 36 35 33 32 35
78 75 72 71 68
82 87 81 78 70
90 89 87 86 84 82 79 78
85 86 83 82 86
51 53 54 56 59 60 63
63 65 66 67 70 71 72
23 20 15 23 16 13 11
52 49 46 45 44
96 92 99 98 96
22 20 17 16 15 13 12
32 35 36 39 40
42 39 36 35 32 30 29 28
62 63 65 68 71 74 76
82 84 87 89 91 94 96 98
24 25 28 30 31 33 35 38
54 53 51 49 48 47
40 41 44 39 54 51 50
17 19 21 24 27 29
82 84 86 89 91 92
11 14 16 19 21 24 29 28
65 61 62 63 64
40 39 38 37 35
20 23 24 26 28 29
55 56 59 60 61 62
85 86 87 88 90 92 93 94
76 83 84 87 90 91 92
62 63 61 58 55 52 49
43 44 53 47 51 60
63 62 59 57 55 53 51 48
64 56 64 65 67 72 71 74
70 68 67 65 64 63
17 15 13 12 9 7 4 1
86 83 81 78 75 72
82 79 76 74 71
17 25 27 30 33 35 38
23 25 27 29 30 33 35 41
56 55 52 51 49
75 74 72 70 68 65 63 62
47 44 43 36 38 37 35
57 58 53 55 53
34 42 37 38 41 45 47
87 85 86 81 78 77 75
82 84 86 87 91 89
46 49 50 52 55 58 60 63
85 84 82 76 80
11 13 15 14 19
74 76 77 79 81 84
71 73 74 76 77
27 25 22 19 17 17 11 14
43 41 32 31 32
83 85 88 89 92 95 96
42 45 53 48 45 53 60
39 29 31 30 28
89 92 95 98 99 99 99 99
26 29 26 34 37 36
88 93 84 82 73
37 32 33 34 30 34 26 24
55 54 51 49 47
51 53 55 57 59 61 62
83 87 85 82 80 78 77
55 50 58 53 62 64
50 52 55 58 59 62
38 46 54 51 54 56 59
34 36 39 37 45
56 54 51 48 46 44 42
69 71 74 76 77
16 13 11 11 1 4
63 62 60 58 55 53 52
80 78 74 75 74 71 68 65
34 32 29 30 25
68 67 64 62 59 56
36 29 26 24 23 20 17
68 65 62 60 54 58 55 54
74 73 70 69 66 65
74 73 72 70 69 68 67
11 9 8 5 2
65 62 69 65 63 69
78 75 78 71 70 67 63
78 80 81 81 87 83
82 84 87 90 93 96 97 99
10 9 6 4 3 1 1 1
22 20 17 16 13 11 9 6
37 35 43 46 47 48
17 10 13 10 7 4
65 64 62 60 58 57 54
25 24 22 20 18 23 22
17 19 20 22 23
79 78 76 75 73 71
31 27 30 33 36 39 37
28 29 32 33 34 35
24 25 23 29 32 35
27 28 30 32 34 36
74 77 79 81 82
25 24 28 29 31 32 34 44
80 78 76 73 74 73 67 64
45 52 50 56 58
24 21 25 19 15 14 11
22 19 18 17 14 8 13 8
16 18 19 22 24 26
84 86 88 89 87 92 94 96
69 71 72 74 77 80 81 84
53 44 46 40 36
70 65 74 70 66 75
69 60 57 60 59
12 11 8 9 5 2 1
41 42 38 47 52 58
75 78 80 81 83
10 9 14 21 18 20 22
32 33 34 36 38 40 42 43
74 73 72 69 66 64
80 83 85 87 89 90 94
83 82 79 78 77 76
60 58 56 54 51 49
90 88 85 83 82 81 80 78
22 29 23 22 18
21 22 25 26 29 31 34 37
47 48 50 53 55
16 13 10 9 6 4
52 51 49 46 45 42 41 39
44 48 43 43 44
82 84 87 89 91
24 25 33 29 30 31 33 36
23 26 28 31 34 36
69 71 73 78 77 78
63 57 59 62 65 68 71 74
62 64 67 72 70 73
72 75 76 78 80
66 68 70 71 72 74 76 78
54 52 59 55 58
19 16 22 23 24 26 27 35
24 28 25 24 23 21
27 30 33 34 37 39
14 23 19 20 23 26
79 78 77 75 73 70 69 66
69 70 72 75 78
47 50 48 47 45 42 41 38
82 77 78 80 83 86
45 40 38 37 34 32 27 28
84 86 88 90 91 93 94 95
18 16 14 12 9 8 5 3
32 30 27 25 25 21 19 21
11 14 15 18 19 22
30 19 21 24 29 28
35 32 29 28 29
80 82 85 85 90 91
64 61 59 58 56 62 53
30 34 25 22 20 18 15
44 46 47 50 55 48 49
74 72 69 68 65 62 60 57
74 75 78 79 80 81 82 85
38 36 33 30 31 26
58 54 56 57 60 61 62
40 35 33 32 33 28 26
90 89 92 94 95 97
14 12 10 9 7 5 2
43 46 49 47 55 56
52 49 52 43 42 39 35 37
31 26 29 27 33 34 37 40
54 52 50 49 46 40
11 10 8 5 4 1 1 1
22 20 17 25 18
68 69 70 71 74 76 79 82
56 55 53 50 48 45 42
41 39 37 34 31 29 26 25
51 55 46 43 41 33
22 21 19 16 15 12 9 4
81 82 84 85 88 90
64 67 68 71 74 83 86 83
77 79 69 76 74
68 66 64 62 59 53 56 50
27 30 32 33 34 37
33 34 37 38 39 43
85 92 89 92 95 97
17 19 22 19 28 30
43 41 38 32 34 32 31
84 93 92 91 86
19 21 24 26 26 28
22 21 20 26 14 12
26 29 30 32 34 35 38
70 67 65 69 60
27 31 29 30 33 38
42 44 47 50 51 54 62
12 10 9 15 5 4
60 62 63 65 67 69 72
42 40 38 36 35 33 31 29
73 75 77 79 82 85 88
57 59 61 62 65 67
61 63 66 69 72 75 72 81
21 23 25 28 31
48 49 52 55 62 62
36 38 40 41 42 44 47
66 63 62 61 59 58 56
45 39 36 35 37 28
72 74 77 78 79
57 62 55 54 53
36 34 32 36 29 27 26
22 19 24 16 9
19 18 15 13 12 10 9
77 80 85 90 86
45 44 41 40 38 35
80 83 85 86 88 91 94 97
40 38 37 40 35
50 52 54 56 58
20 22 24 20 29 32 35
73 70 67 64 63
52 50 49 48 47 45 44
23 22 25 16 16 10 9
81 80 83 86 88 91 94
49 47 46 44 42 41 40 37
61 59 56 55 54
22 21 19 17 14 16
19 16 24 25 27 30 29 33
16 24 22 21 19 17 14 13
52 49 47 46 44
71 68 76 79 82 83
12 20 22 17 25 22
85 82 79 78 75
85 84 88 91 94 96 97 98
25 18 21 18 17 14 17 6
12 13 14 16 17 18 21
82 80 78 77 74 71 70
68 69 71 72 78
74 75 72 80 86 84 81
63 61 59 58 55 53
34 32 29 28 27 24 21 19
15 26 25 26 28
59 57 54 51 49
67 66 63 61 58 56
22 19 17 16 14 13 12 10
80 84 85 90 90 92 94 96
13 11 8 7 5
32 28 30 38 35 36 37
56 55 54 51 48 47 46
47 48 51 52 54
19 27 25 23 26 28 30
79 86 77 69 74 72 70
87 85 91 82 79 76
24 25 18 16 13 12
42 39 37 36 33
22 24 26 29 29 34
69 72 74 75 84 84
62 48 52 49 46 45
53 52 51 48 47 45 42 40
79 80 82 84 85 88 90
80 79 83 76 74 72 69 65
76 79 80 83 93 86 87 88
32 29 28 26 23 22 21 18
28 36 30 31 32 34 36 38
12 9 7 4 1 1 1 1
56 57 59 62 65 67 69
85 87 90 91 92 94
63 65 67 70 73
34 35 37 40 42 45 46
88 86 84 83 81 80 77 76
48 49 50 52 53 55 56
26 28 30 32 34 36 38
14 16 17 19 22 23 26 27
48 49 51 53 55 56 57
64 65 67 70 73 75 77 80
38 39 40 41 43 44
85 87 81 78 75
66 63 62 60 59 58
63 66 68 70 71
39 38 42 45 48 50 51 53
81 81 85 93 90 95 95
50 47 44 37 42 37
74 76 79 80 88 84 87 88
65 62 60 59 58
68 71 69 68 67 65
18 20 23 20 29
24 21 24 17 14 11
16 17 19 22 21 24
75 73 71 69 66 65
54 52 48 49 48 45 42 39
49 47 44 42 39 40
45 48 44 53 67
44 43 41 38 36 35 32 29
87 77 90 93 94 99
23 22 19 19 14
87 89 92 95 97 99
52 55 57 58 61
90 92 87 85 80
48 45 44 41 40 37 35
66 68 71 70 75
51 52 52 55 56 58 55
36 41 39 40 43
58 56 54 52 51 51 51
39 34 43 40 42 43 46 47
18 19 21 28 27 30 31
57 59 61 62 69 66 73
50 61 63 65 68 69
46 42 34 32 37 34 32
83 85 88 84 91 92 93
11 16 16 17 18 19 22 24
33 35 33 32 31 30 28 26
35 34 31 29 26 24 21 18
57 56 53 51 50 47 44 41
29 26 23 22 19 16 13 10
50 53 58 55 58 59 62
62 60 59 66 67 68 70
83 84 85 97 89 90
41 39 36 34 32 29 28
75 67 65 64 67 59
49 50 51 53 56 60 57
55 54 52 51 49 47 45 43
14 16 17 20 23 25 27 29
24 30 30 31 37 35
45 35 43 42 39
58 55 52 50 49 47 46
56 55 53 51 49 46
73 75 78 79 87 81 83 84
50 47 45 44 43 42 41 29
48 45 43 41 39 36 35
82 83 86 87 89
50 51 54 55 56 58 60
72 70 64 64 62 60 58
83 85 86 87 88 91 94
13 11 10 9 7
51 53 51 56 61
56 59 60 63 64 65 68 71
18 16 10 4 7 6 4
60 62 65 68 71 72 73 75
66 68 71 74 79 79
62 60 66 68 71 78 75 78
75 77 80 79 84 86
72 69 66 64 62 61 58
30 33 34 36 38
73 76 77 80 83 85 86
64 62 60 58 55
50 40 43 45 48 51 52
10 10 12 10 4
53 50 52 53 54 49
52 51 49 47 46
7 11 10 14 6
48 42 39 36 35
82 79 78 75 74
41 38 38 37 31
81 83 85 88 90 91
55 56 59 62 62 67 74
90 88 91 85 83
41 39 38 35 34 33 31 30
76 77 75 73 74 68 66
30 29 27 24 21 20
59 61 64 65 66 68 70 73
23 20 19 16 14 13 11
72 65 64 62 61 58
62 56 60 56 63
37 33 48 44 45 48 51
36 35 34 38 34
86 87 89 90 91 93 95
55 58 61 63 64 67 70
23 21 18 15 6
42 43 46 48 51 53 56 57
23 25 28 29 31
78 77 74 73 71
31 40 36 31 35 39 42 44
88 90 91 93 95 96
47 48 42 39 38
36 35 32 29 34 19
87 90 91 94 97 99
39 35 33 30 25
59 62 63 64 65 68 70 73
35 37 40 42 45
84 87 97 91 94 96
84 85 94 91 93
14 15 18 19 20 23
67 65 62 56 58 55 52
30 24 24 23 25 15
36 35 33 32 29 27 36
77 79 82 84 86 87 89
40 53 49 51 52
55 54 51 48 46 44 41 40
23 21 23 18 11 16 13 10
47 45 42 39 41 41
41 42 44 46 49
54 53 51 50 49 47 48 43
66 64 62 61 59 57 56
36 35 33 31 29
61 64 66 69 71 74
55 58 61 64 66 68 70 71
56 59 53 51 50
64 66 68 72 70 70
59 58 55 54 51 48 46 43
10 12 10 10 6 3 2 1
61 62 61 65 67
25 23 21 20 19 16 15
9 5 10 11 6 3
61 60 57 55 52 51 50 47
15 14 11 9 6 1 2 1
67 73 74 73 75 76 77
89 86 85 84 81 79 83
85 82 81 78 75 74 72
45 42 40 37 36
55 54 48 49 47 44 43 41
42 39 36 33 32 31
63 60 57 55 54 53 52
1 13 16 17 20 22
82 79 78 76 73 71 70 71
43 50 59 54 55 57 58 59
78 76 75 73 71 69
44 46 53 49 51 53
59 63 61 59 56
52 55 56 57 55 63
66 69 66 64 61 60 58
71 74 76 77 85 79
64 61 60 57 56 55
22 24 26 29 30 31
16 23 18 26 22
87 86 84 81 79
49 48 47 46 44
87 90 91 94 96 99
11 13 15 16 18 20
73 67 70 67 64 61 58
67 65 62 60 58
22 21 18 16 13 11 8
66 69 70 73 74
57 52 50 47 44 41 40
48 52 43 40 41 35 34 25
61 59 58 49 53 58 50
52 52 54 56 59 57
80 78 75 79 72 65
77 75 61 72 65 69
55 57 58 59 60 61 63
33 32 31 41 26 27
17 16 14 11 8 5 3 2
43 51 52 53 56 59 56
62 64 69 69 72 75 87
45 46 49 52 54 56 57 60
18 21 22 24 31 28
17 12 27 24 25 26 30 28
20 19 18 21 14 13
59 62 63 58 65 67 69
88 91 92 95 97 98 99 99
23 16 14 11 8 6 5 4
78 81 82 83 84 86 84
43 44 47 49 48
82 80 78 75 67 69 67
12 13 14 15 17
10 7 6 11 2 1 1 1
59 56 53 52 50 49 46 46
65 66 68 70 72
16 12 13 18 11 10
71 74 75 77 80 83 85 86
17 15 18 21 22 26 25
10 14 14 17 18 19 17 23
72 73 74 77 79
76 77 85 79 82 85 87 88
58 56 64 67 70
15 13 19 22 23
54 57 58 59 60 61
48 45 44 43 39
84 90 93 95 97
62 59 58 57 56 55
52 49 47 45 43 42
46 49 51 46 49 56 58 61
62 60 57 56 53 50
83 82 80 79 78 70 74
73 76 79 80 83 84 86
73 70 67 59 62
14 11 8 5 4 8
16 17 18 19 21 22
31 28 25 24 21 16 18 11
54 49 53 50 49
70 67 73 74 75
54 58 56 54 40
60 64 61 58 53 58 54
71 74 77 79 80 83 86
23 28 28 31 34 42
27 29 32 35 38 39
18 16 13 10 7 6 5 2
21 23 26 28 29 32
76 75 72 71 70 69 67 66
48 50 53 54 57
27 36 32 33 35 35 41
15 18 19 15 21 22
68 68 72 75 78 81 84
46 45 43 42 37 37 36 34
80 83 86 89 86 93
45 38 41 38 34 41 33 30
74 73 79 67 66 65 62
83 81 76 78 86
63 64 66 69 72 74 76 78
75 77 78 80 83
37 39 40 46 46
78 75 74 72 71
49 52 59 56 56
71 72 74 75 76 77 78
11 10 7 5 2 1 1
59 62 65 67 70 72 75
72 71 72 67 58
63 61 59 58 56 54 53
21 26 16 13 11
79 80 83 84 87 90 91 92
11 12 15 16 17 19 22
76 74 72 70 68 66 67
60 57 54 52 50 47 44
17 14 13 7 9 6
80 77 78 84 82 82 88
66 69 66 74 75 70 78 79
66 77 73 76 77 80 81
87 89 97 93 89
60 58 57 54 53 52 49
19 22 23 24 27 30 31
45 44 41 40 35 36 34 32
71 73 74 69 67
64 59 56 53 45 48 46 45
61 59 56 54 51 50 49 46
21 20 18 17 15 13 12
72 71 72 74 75 72 76
61 63 64 65 63 68 71 67
20 23 26 28 31 31
49 51 51 56 60 58
27 35 31 34 37 34
17 21 18 16 15 14 12
29 28 27 26 23
31 33 36 39 40 42 43 46
80 79 76 74 72 69 68
15 13 10 8 7
53 52 49 50 45 42 40 37
35 36 41 40 39 43 48
90 91 92 94 99 98 99 99
27 24 23 21 20 18
79 80 82 85 88
18 19 22 25 28 30 32
79 76 73 70 68 65 63
36 33 30 27 31
11 10 7 4 1
55 53 51 48 46 44 43
47 45 42 39 37 36 33 32
17 18 19 21 23 24
66 68 69 72 69 76 77
73 82 90 83 87 89 90 92
49 48 52 55 57 59 60
61 72 65 64 62 59
21 27 29 30 31 29 35
59 56 54 52 49 46 44
41 44 47 50 58
52 46 57 59 60 60 64 65
21 22 24 27 30 32 35 36
11 9 8 5 3 2
12 14 15 25 19 21
12 9 7 10 3
25 28 31 33 34 41 30 37
84 83 81 79 78
74 71 68 66 63 62 61
51 54 55 56 57 58
38 39 41 42 43 46
61 58 57 56 53
31 33 26 27 20
44 42 39 40 33 32 29 28
43 43 37 52 55 57 58 61
82 81 78 75 73 70 67 64
50 49 48 46 42
23 26 27 30 31 29 34 35
81 84 87 85 92 95 96
71 73 74 77 79
66 68 71 77 76 77 83 81
33 26 23 16 20 19 18 15
69 71 72 75 78 79 81
55 52 51 49 47 44
57 49 55 49 46 43 42
45 46 48 49 51
19 20 29 26 27 24
36 38 39 40 43 47 40 46
89 81 84 80 77 77 76 75
57 56 53 51 49
41 39 43 34 32 29
54 51 49 47 45
54 53 44 52 48 45
57 60 61 64 66 68 71 72
84 84 87 89 90
89 90 91 93 94 95 98 99
28 27 26 23 20 17 15 13
78 79 78 84 92 89 91
88 90 91 93 95 97
87 89 90 91 94 99
31 34 37 38 35 43
46 49 51 53 54 57 59 60
27 24 21 19 17 14 20
31 32 34 36 39 36 43
14 16 17 18 20 21 23 24
78 79 82 83 80 87 89 86
52 53 57 59 62 64
12 10 7 6 5 3 1 1
51 54 55 56 59 60 62
23 27 25 22 20 11 14
11 16 15 18 21 24 26 29
43 42 41 39 37
20 22 24 26 28 29 38 32
14 11 10 8 5 3 1 1
74 77 78 80 82 84 86 88
51 52 53 56 59
22 21 20 19 24
