153
143
159
180
196
205
215
212
210
207
223
240
257
257
266
268
268
271
292
295
299
315
325
315
317
329
325
340
337
337
344
367
378
383
384
384
389
407
407
411
410
425
429
449
460
461
450
450
453
448
455
457
459
456
453
463
473
470
474
476
478
468
467
455
458
462
479
481
470
461
458
461
481
498
500
506
505
525
533
540
552
564
555
557
560
581
592
602
609
627
635
643
645
648
637
639
634
644
667
667
667
689
692
699
701
712
711
721
728
730
750
765
764
770
788
787
786
788
804
807
815
814
811
813
802
804
801
819
818
839
836
840
863
866
875
883
895
891
893
898
919
919
930
934
943
945
960
977
986
988
989
991
1002
1006
1021
1028
1032
1054
1063
1067
1074
1094
1096
1113
1120
1122
1119
1114
1129
1134
1131
1154
1150
1152
1157
1166
1182
1200
1191
1207
1208
1230
1241
1240
1234
1234
1254
1252
1242
1253
1276
1275
1280
1284
1293
1303
1305
1308
1309
1308
1305
1309
1298
1301
1316
1313
1317
1314
1303
1310
1319
1321
1321
1310
1310
1304
1322
1328
1349
1356
1360
1357
1358
1358
1360
1357
1354
1356
1365
1370
1366
1365
1355
1354
1376
1376
1379
1367
1362
1370
1365
1360
1358
1365
1376
1371
1378
1401
1398
1401
1417
1413
1415
1427
1434
1431
1436
1445
1445
1439
1446
1450
1460
1460
1457
1474
1485
1491
1506
1505
1502
1508
1518
1514
1515
1536
1527
1529
1519
1521
1528
1537
1541
1544
1551
1558
1573
1574
1572
1581
1578
1590
1601
1608
1603
1593
1604
1613
1603
1604
1625
1623
1632
1633
1644
1664
1666
1668
1675
1698
1707
1707
1705
1710
1710
1719
1721
1723
1735
1758
1753
1744
1732
1742
1739
1742
1745
1755
1771
1778
1790
1795
1794
1817
1820
1831
1846
1862
1863
1867
1857
1858
1849
1843
1839
1846
1849
1839
1846
1854
1855
1850
1852
1849
1864
1858
1873
1893
1895
1890
1891
1900
1894
1902
1899
1901
1898
1900
1909
1908
1906
1927
1949
1947
1952
1948
1955
1975
1979
1974
1963
1958
1967
1988
1998
2003
2003
1994
2010
2021
2019
2009
2013
2018
2033
2055
2043
2034
2043
2045
2040
2037
2042
2051
2069
2092
2112
2121
2120
2119
2120
2114
2102
2093
2102
2107
2112
2102
2103
2098
2106
2103
2114
2110
2114
2110
2111
2110
2105
2117
2127
2124
2114
2111
2108
2114
2131
2141
2156
2152
2156
2164
2176
2188
2193
2210
2226
2220
2222
2242
2251
2258
2263
2265
2270
2290
2294
2309
2312
2309
2297
2294
2303
2324
2336
2352
2349
2350
2349
2356
2374
2395
2400
2410
2398
2408
2402
2404
2408
2426
2429
2428
2449
2449
2449
2453
2443
2463
2467
2482
2470
2468
2485
2490
2484
2479
2475
2463
2466
2473
2484
2483
2473
2472
2469
2472
2479
2496
2496
2505
2514
2523
2520
2529
2538
2547
2563
2562
2566
2567
2569
2570
2580
2589
2587
2599
2604
2622
2634
2637
2653
2665
2655
2657
2660
2659
2663
2672
2683
2705
2721
2725
2725
2725
2722
2742
2743
2745
2754
2772
2781
2792
2793
2800
2802
2803
2793
2814
2826
2826
2829
2846
2841
2836
2843
2840
2842
2860
2862
2882
2903
2898
2897
2899
2909
2929
2925
2947
2954
2957
2956
2965
2985
2986
2997
3002
3002
3004
3006
3010
3019
3022
3027
3025
3013
3014
3036
3044
3039
3049
3072
3079
3081
3102
3125
3129
3139
3136
3125
3116
3112
3113
3116
3138
3140
3145
3154
3156
3159
3168
3162
3168
3174
3176
3194
3200
3200
3200
3221
3228
3248
3254
3263
3283
3301
3300
3310
3304
3305
3304
3313
3307
3305
3293
3291
3296
3295
3297
3319
3328
3343
3354
3354
3365
3360
3367
3375
3386
3388
3389
3411
3416
3427
3437
3457
3462
3467
3461
3450
3447
3450
3441
3464
3469
3472
3474
3478
3478
3481
3499
3507
3507
3518
3523
3528
3516
3516
3538
3561
3563
3551
3556
3555
3573
3574
3562
3569
3573
3585
3582
3605
3607
3617
3614
3611
3619
3621
3621
3625
3645
3639
3645
3668
3689
3697
3687
3684
3675
3684
3686
3685
3694
3684
3685
3694
3700
3705
3693
3716
3717
3711
3726
3724
3728
3729
3723
3744
3748
3766
3765
3783
3785
3794
3799
3803
3800
3790
3791
3795
3796
3799
3807
3829
3838
3839
3850
3859
3861
3881
3902
3904
3895
3899
3904
3909
3906
3921
3939
3941
3951
3961
3959
3954
3972
3971
3966
3971
3970
3982
3988
3987
3994
4010
4028
4023
4014
4023
4039
4034
4043
4066
4064
4066
4087
4096
4105
4105
4109
4114
4121
4109
4120
4125
4147
4151
4148
4158
4159
4156
4159
4175
4176
4179
4194
4216
4220
4231
4240
4243
4244
4238
4244
4260
4260
4248
4257
4256
4259
4279
4288
4279
4274
4282
4287
4283
4285
4288
4282
4271
4282
4305
4320
4317
4320
4342
4344
4340
4349
4350
4368
4385
4395
4389
4383
4388
4404
4408
4403
4404
4425
4442
4437
4446
4456
4472
4469
4478
4484
4489
4485
4476
4481
4478
4490
4497
4506
4514
4523
4539
4557
4547
4558
4567
4562
4552
4562
4571
4559
4556
4557
4554
4542
4541
4543
4543
4550
4549
4551
4552
4555
4551
4555
4555
4549
4571
4580
4592
4612
4615
4616
4623
4641
4652
4659
4654
4657
4662
4671
4680
4668
4675
4683
4679
4694
4701
4707
4729
4745
4753
4749
4753
4754
4760
4770
4782
4785
4801
4801
4819
4829
4830
4842
4838
4845
4845
4848
4856
4863
4853
4853
4849
4846
4847
4857
4874
4869
4865
4870
4880
4889
4892
4889
4906
4900
4897
4906
4910
4914
4926
4930
4942
4942
4963
4965
4968
4963
4979
4981
4998
5000
4988
5009
5030
5053
5070
5073
5094
5101
5098
5098
5100
5099
5098
5119
5131
5143
5161
5172
5176
5191
5189
5198
5199
5203
5223
5220
5237
5258
5247
5243
5260
5257
5264
5266
5286
5280
5268
5289
5290
5296
5298
5306
5303
5323
5346
5368
5365
5369
5381
5384
5392
5409
5432
5434
5443
5450
5453
5457
5457
5448
5454
5461
5479
5486
5496
5504
5516
5516
5525
5532
5538
5553
5550
5553
5558
5574
5580
5582
5597
5608
5597
5595
5594
5591
5601
5618
5635
5638
5648
5657
5648
5649
5659
5661
5662
5666
5673
5667
5671
5672
5682
5687
5685
5673
5683
5684
5685
5683
5693
5698
5710
5731
5752
5762
5752
5759
5774
5782
5804
5812
5809
5813
5807
5829
5841
5853
5856
5855
5855
5854
5856
5856
5858
5853
5868
5862
5869
5871
5881
5878
5889
5899
5896
5895
5916
5915
5933
5934
5935
5939
5946
5941
5940
5944
5960
5967
5967
5955
5962
5966
5954
5963
5980
5984
5985
5989
5989
6011
6018
6038
6026
6030
6020
6024
6022
6044
6046
6048
6068
6075
6082
6100
6104
6106
6108
6119
6140
6163
6165
6159
6162
6162
6183
6187
6184
6184
6186
6206
6206
6201
6206
6208
6209
6197
6219
6231
6233
6255
6261
6271
6266
6283
6287
6275
6298
6313
6304
6303
6318
6327
6338
6328
6331
6341
6356
6377
6373
6379
6383
6406
6417
6411
6433
6427
6427
6421
6416
6404
6400
6405
6409
6417
6429
6424
6423
6420
6431
6427
6427
6429
6440
6455
6459
6447
6452
6454
6458
6462
6483
6482
6502
6499
6501
6511
6516
6520
6519
6509
6509
6504
6512
6521
6522
6523
6533
6542
6530
6534
6538
6527
6534
6525
6523
6521
6530
6524
6533
6536
6530
6531
6525
6529
6526
6547
6554
6542
6552
6573
6577
6595
6597
6588
6578
6580
6585
6592
6595
6598
6599
6594
6616
6632
6622
6634
6630
6620
6641
6647
6647
6658
6658
6659
6663
6661
6665
6669
6679
6681
6683
6686
6698
6708
6707
6706
6706
6718
6721
6725
6734
6731
6735
6734
6731
6727
6729
6741
6740
6744
6752
6762
6753
6756
6756
6772
6780
6787
6791
6791
6785
6807
6797
6814
6814
6820
6842
6839
6833
6832
6823
6826
6832
6839
6851
6841
6861
6882
6879
6889
6883
6906
6908
6898
6897
6899
6908
6908
6907
6904
6914
6911
6909
6898
6916
6928
6945
6933
6940
6943
6947
6950
6941
6943
6955
6951
6945
6955
6960
6949
6946
6951
6956
6965
6964
6955
6962
6964
6958
6955
6975
6990
7012
7023
7025
7026
7035
7057
7061
7070
7071
7080
7092
7112
7120
7120
7117
7118
7134
7138
7129
7150
7155
7159
7171
7174
7179
7188
7187
7207
7205
7226
7244
7264
7263
7268
7290
7295
7293
7310
7307
7306
7310
7304
7325
7329
7336
7345
7354
7375
7366
7371
7374
7375
7371
7372
7394
7411
7411
7420
7424
7414
7415
7414
7425
7424
7439
7448
7449
7438
7426
7444
7447
7447
7445
7468
7463
7464
7487
7510
7530
7533
7522
7523
7520
7529
7517
7538
7560
7569
7591
7593
7602
7612
7615
7611
7602
7601
7608
7608
7605
7610
7607
7622
7632
7636
7641
7648
7649
7646
7634
7635
7631
7646
7651
7671
7677
7687
7691
7697
7692
7687
7697
7699
7704
7719
7722
7732
7735
7741
7732
7729
7750
7768
7770
7777
7774
7791
7793
7795
7807
7816
7810
7816
7828
7825
7828
7833
7835
7844
7840
7849
7849
7850
7850
7839
7841
7838
7847
7846
7850
7845
7841
7841
7856
7878
7876
7880
7889
7911
7909
7908
7912
7916
7936
7947
7941
7958
7964
7982
7990
8013
8004
8026
8033
8042
8036
8024
8041
8045
8061
8068
8069
8072
8087
8107
8122
8111
8102
8110
8107
8117
8126
8143
8145
8141
8148
8147
8157
8153
8165
8156
8157
8175
8190
8178
8187
8208
8229
8252
8253
8258
8265
8286
8288
8298
8295
8305
8314
8335
8335
8338
8345
8361
8363
8380
8392
8398
8420
8424
8427
8417
8421
8439
8443
8445
8445
8449
8451
8449
8459
8470
8475
8476
8477
8497
8498
8501
8512
8532
8544
8534
8535
8537
8554
8564
8574
8572
8587
8609
8625
8616
8615
8617
8608
8620
8623
8627
8626
8647
8644
8652
8661
8660
8682
8677
8700
8703
8710
8708
8708
8713
8721
8738
8739
8739
8740
8742
8737
8755
8760
8760
8769
8775
8779
8795
8784
8788
8793
8789
8786
8790
8794
8792
8810
8813
8823
8830
8838
8850
8849
8846
8847
8851
8855
8864
8858
8861
8858
8862
8851
8856
8874
8876
8867
8868
8872
8874
8894
8890
8891
8896
8887
8894
8893
8914
8930
8930
8942
8941
8963
8981
8971
8981
8979
8978
8969
8985
8995
8995
8993
9005
9006
9009
8997
9002
9005
9008
9005
9020
9010
9033
9043
9061
9065
9064
9066
9066
9081
9080
9083
9088
9104
9108
9124
9135
9157
9152
9143
9153
9162
9158
9159
9162
9182
9184
9173
9174
9194
9199
9200
9203
9201
9195
9215
9218
9223
9230
9245
9254
9274
9291
9298
9286
9286
9289
9280
9270
9274
9279
9273
9284
9302
9320
9324
9328
9351
9355
9345
9342
9354
9351
9361
9377
9372
9392
9388
9390
9390
9407
9402
9390
9402
9404
9394
9402
9405
9404
9420
9423
9433
9443
9439
9446
9437
9439
9455
9459
9469
9458
9458
9453
9458
9473
9463
9467
9469
9471
9461
9473
9464
9453
9464
9484
9475
9482
9504
9499
9503
9523
9525
9534
9549
9565
9567
9567
9588
9589
9611
9614
9619
9613
9620
9611
9615
9619
9637
9659
9668
9686
9694
9701
9710
9728
9729
9735
9752
9753
9768
9778
9787
9790
9786
9803
9811
9827
9835
9834
9856
9852
9873
9890
9887
9909
9921
9923
9944
9945
9933
9944
9932
9938
9954
9952
9949
9950
9944
9966
9966
9987
9987
9976
9971
9988
9995
9997
10007
10001
10005
10004
9998
10018
10009
10021
10033
10038
10042
10046
10055
10057
10054
10077
10067
10055
10050
10068
10058
10053
10054
10057
10059
10066
10068
10089
10100
10099
10096
10087
10099
10090
10093
10105
10095
10095
10116
10119
10120
10124
10131
10121
10112
10109
10121
10130
10130
10119
10134
10145
10157
10172
10171
10173
