4527727333655433541314573145535443532753717347512242765246533333333752217574243525155162215443177147
1352211512513195235132512235521511532355129133145355511545544143114351124134255325419522291425212355
9221942429312151441549994431494823393525491293293941199297454122925413453951949255334955584519944949
1333341343472474522773235115554415124525531134224442233374445327141315134334142526117413517924411337
3333114344111125415262552512542352552233414222113422453531232221536142345251325124352626252122443117
3113611456514433553536664435461344643432116523914356119314261131622232962664641162693633332325324141
6133512213552432531242312153131171721544175329622349511111233351415514131528352515513115153123148911
6472727627342344316735625576421177262423264272342732238231761634116555524436351146783776345221731431
1772247278221471344417711271738371424874216748221517738165438174517424668681684213723412377333468844
2264424215536151561653411411345441618354245263225221163656246326452536331624433212226638113243216254
3222726262846412541362322343233632252335523541141112314146384154573936633422225432556311421244353345
5855484214214453513887241411533842854228428388312215312725551281134511351558838522154335952453882155
9993925311391314913915492232221141112194213115912112191111213512414343321551324344521529511152141991
3457441353336143285333431414581855443311552111414532334314344433243411253883463125443135113141251235
3666856384833343643156844314633336682536423341436345644434514444441562464336462464263241466558646864
9354944919313934545519446555399515735945925915922145359335514549333525323154414415455543154315994433
4341738615231371788521283454261753441643351133111333516534518753514231586374636615321611421533256556
1632552224552455439411132155421253511552255525555575161545421313215554453515255621152112112251112135
6914575243119515922321114552352655115141121339413255466144522223234312163541111954455336533946552173
3425233933219311229532153913345123941251922312199535155441572242991929233122221149952241394915331949
1153749782717542813779231515172254271873277277772121421122195595127151737152715272752731557475111572
2523111244422159144111157931154511231454152295543215255355535251515552524521924425145445511111121392
4484446536248224416254132428756324336138513266856565845223813233213333866822556424353353666435822223
2132125242135222432522293311953433435133233533233345224232232322531314414533929392315832952234995111
1153333536334351334525214612114325225751665333532351531142511553131463141424564523233131362115224541
3214913553151531254525512132153145454351225492214523235535442533111293234245334312124422341142543131
1251423919554222291245221125331355924525222521211911325211112912454925322925324554131429225512452431
9931193944491372341412435142989444332821358188352498819214889328333945418341119312921814418844984951
5531134115113514135143423213121248242525321541112435313124515515434413115231514425143346153453521445
8255555254314551394215945733232551252123413555132551555123152434813178155253515521254113313215135714
7144732155142351999225232549522497951351311123499942492313541351215369625194145425736923352312994456
3143325838342583836453182443854342434524885414825582482228434654531432383433642485589483533245312834
1354441553143553214334355344654435223515252352752214334122165244633225555555244391255534245434542153
3924511445454523144541445451534454951144413431124621642534156141143434944559972332552243511154212454
4916322433496999641481431449524912436152254149615519627325596213422123361549551934935232539588672923
4712552313351357174553751371553725124416773111171425243565416636673365664653576725444461451641435556
2225232333431235936551511333144223391315328513421512333223353434523282113522145331521155522346219353
8142422433511742254242444111534552273354553234321413258234354844532533347253545557744314524225114258
5381218433223132142888344152865485239321836464114458832418548324318844581388184854311124852145131841
8458411181646295248392219134886861144311928184581291612935849368619925229213912629196951524965479251
2745257142152255521151412255231724424125255956222222151424252231155554521945434389442542545955822537
5915824559252561574321443761828789586952315531335888558356482532883854864785142553456828241323345431
5593494282321546882564435583255618429554145545528556588548491824294645289545134525355545428152922289
5332215312325394755935935222342241978317444545482253434553521825354155215422445281373838322225584848
2422478581842767622828887872867212514721571832872656725416738772781726735327672843228815775322272824
9212212524295123222495311335531463929352252142933599552312346131233223922322239994249136443535933252
6636764571514323824445364651258483165642528554365235633565632564464131364283348483563513588513123428
4854488152452238454418838812858118154445382414418814257387825842833412312425455221481481415254228458
1221111414233131114114135132211431135832115111355322458325438343338344114243325535134151381343432934
2954314914353164714215215457154143717441131412225143233463223414952926125424225121552753143451454242
8145152852124144345212292135222415229325431528122133535215525224413525514254121542222552892445532444
1364622411351344445124543425515136955421211144441215642548361223323444552662313412162111532228515235
2344373353124414791717324553271494951634246993522154443254534352542431954219211941294429959391425591
4614454434131334532333133312481715654642423145151463657313325611445846835444445486155613563331531645
2343125242252241152425424412153152215422443251241511255452545211122145355125155535232115251551252445
5154423531555492143111544341439124419521443248442113343454543443525692114134155242454124315369912435
3585334483822882412273212833144383584783354332423474341241738434428345181822488323518351824288552933
5118423332114535252883213811425423353354151313348243124323824272334432331215143133581313353542323518
5345512112459225224543732572122553459125527215244514545444454552525244551111531251554253912522354142
5823142354451523114578324571171235437454314342222422712574771242347277245542251777255551752531221148
4551935114353543331543183385533224555155354393514191413533954449542593331495395351951324199413119354
4551521544223141155342352523535161911524212221143121242487419655213355142141423434544343112253411325
4841442456211441123154241515942552518331454411311152158319424833435115434519416423241484614411515233
3126555155422245111292125424121211122232114222252241352133136612432522521236119553332354115322444551
9423524724771953259774522744225599175972971499917291182159342529147422913745337557953151144254799259
4134571122765553383773341175146753721712575772312166323323522641272217533128757123432131257634435151
5443174324445571212344552777713541341234467415431474477431111444154725957141454745131143714544131731
4431244441491142191251924524535221298533599232521595499211525515519421433542348315352452542594332132
3523431841255557133411341454214245113564556353533412144312584313543114138311123455525553451354353541
1341344542212385725464531532152513435335581555432213112183121425428225828122212484444558161443856442
2257117151373231535247453122323145757745141345147772423525712172375722172754252114124115457524442143
5521122114313225441133251124643316143262642522372462355155426524533562482421414412526432476661624561
9145325112421193231432175393452119112431432239435331523113514354358544313312425223313533914224232221
5152333392131123199511319521921525342315232215194333425558827255383113834515543553313234352521284348
2562662583462935652235831914655532134314535322563584643112118615839491565141461532338936125551391252
4344225242441685545325345452114471832144324261124546513144431616198439263314555444452244352845425215
5744323332355552511212511595144481134417713325523551115143253425353335154224555253551155212423534254
1145216526642633312564636142124144344246445663167475552136166613447543644253722613532724131374765611
9245138158142351125445253133338514435231551254131125112435244524253233334544442344525455222485243123
9131525355522922224915345151451914515524944554296955531213534294943944943584144432452592455994319291
4314159119136449195452149129844921844359949599441123394192311245422296388492414332522498144343488294
2657213562285152454233775875674262562417355262657184174766734352242322217153453521464763565565471164
3131411167513146132525575182465334133353523352271325235433542165184234884433452355355331375522411556
7748477474437979593399239133945132995332791241913221122939931555212344311149793521722135923925353491
7214142383544145152132344155561441643595335225415431234342464624455442342517425451441353444249784441
8855828828818883563428242221255383254215832585828188284948883525855118588311418818452183581288315341
4953921445199412494259924924929319912955312124144314194411942312399229541192529211929482211414913113
3253521211545341353153571141123112431546311524253141453551151115531524115422143391532255431151244311
1451582411846515121141814258323415525118158332313811863514582558426841448831585841435138158288658484
3438345531325925437241914325514213538234312545463822122412523453544451321564325255252153432534323154
2992524112165561912391164255512646286513249221532525134242496434452213316149143284114493444562642241
9252892323244544232544535651823959512252154135862461222152116222645444452423233822656528263256113212
3151555234522422432623215641254335254256135645693466514441256515632216362938356349211463711534111442
1527251348241482834548311545838433332888881823434284349114242458435888321185854531341447584124563151
5697724421337154352475973677711153543912945724455714517737112442713779523779319355779497174851736794
5128222424412225112451412232115412651232221233521153121266183535146559311323393234111321214915325122
4135111453342515522141223352271211173517153427342322212254112125121153173537331215423355144141925557
8318823414185424554555141341883218451542248258433218153158811294541433422324232584481142184136353218
8538474133333285535813433524412315281548383534353181312525452555538635635883488358813411354333144535
8845348441754154281851774814831341418142341134552248588881541815415555438822225245481745485589142545
3241453231311211555235343422521375751142155542151152312151143135151443143332333114521521131122133162
9885221313398243119493935258452249271391311983591198319889999925919145818894994911119484841989459911
4358454841848438137881211558245138845481428315541528134514751155345511213247128421515554442521822444
5516285356251221454851215312363252339333443211155224245451155563126522515181436663263422445956548827
9129214195931513424233914919518345357128994944249525211432422932992549342582992539949212911229119529
8884883324484438348151525418858844581554821854453188462884513153882141211118385851154235488848384283
3764246171163525644133637662455533351659962513356656925161273248616411145727146534622242654229444332
4332575524931992536393144914135234391325422629515522223442333333549364992466996231124434233316445331
2121421635542462124442242545242772654445424752347234344724675462224374115324447352244624445242421432
5356464344154512231211521316251555912431211232365446652316545342651256111416455562636193132134423554
1141423145233254541315551533325224144111213414343544145413548244243413242451444443251432221544424441
5533423555341152462551233513248425432422541431241723854142212333371412453356254115321313415244722233
5125935164395169983525138161558432416646351115811543619121236496839335124646596366841161641518226865
3255142123415241433555342465152464445451325143255312255324124351545454634455235311252442555232336192
4121135825132258425338842441514132122118412811242151442883543234111251122223184223323813214511321124
5342335325319912133352555513925591933252113352135232291253119293312972242962552592622252353329225422
2381142122242543151144142335574511254355321349221524271344344311217327355154544511513321441211411422
4232451214485354451243213221142535141133544545121415512443511343223334221157552443543224534344142551
8384133521734321833713393861135141231394335143431127916545144315111254481132443784511148331128144253
3533242144454233114335337845243423542455534153521214134424555131231863134341333442334533233453443335
1465211322225525166626314222942255233113342652121256526116364131255451246623112112523233425554651642
7314723518552443734114535423475587315543714544454475724851535232522757145754113132773514554333771213
1941514535815945343425132811451355322143333411588345333138521312235134245342511314816423232144557425
3824124533582112232548421246828665346345422873132258542845121513983336335648582424122452321314864313
5415554565475352611424312515154541444535275111131481754524654555511444521214311555231185219561437525
2451353423355144142215534214235621454451166417252712371225641441452143254725244742213252675611255576
2331411553441133233243412222323222412431411442425164421522345241243323121513133351524422122222452252
2523584732523434452526445215153551311373133554524521152631161455243344445123361581453742424542564314
1354656557546134222336662544643261665414553142662646664253415236553265425564625266563551456655336131
3632425653115151232462612132385365655125352386931884345322123351623261283665331584226656634362264823
4477454445294513512191444295492211541151492441455243329114259523543918931631923743149391544311149595
2643438681434411321233251253421456313118131185416833211352335314148623488542125625383868554255262345
5422121119935598912135954143299111495951154586415559294294116941954915451542129552559129919214432421
1671143314345113735553249133944265342613634974351443944112254744154775344771671417525354439334595717
4592144454399172515197551521253529943714723713535195595159229543759539911535132322315115539993113919
5114541234222594143152131512422299431545971424424321344745212142292912314949714121429412911986925354
1242518133211545919574526411131455242923354451213455111182411481448353853451613141141131511293812125
4563322334558125245212335124232165113333555318322315212153313235311225643251334242225251535125352235
1514949422431143323368293594144349413443495253154269521339695841523132193392514453432214295494433143
6952554942256225929391392666829296959253265112446512563691996545552694625456356259262619965992646699
8322211542592954129599544435518932942913538599325393439922445325399935895159825959414241132349514952
5451413515114515124444414354154345522133351133514512113532413211343543131235355344135432514352325245
1113231321122173513253352552327355132332321432543424553255325244241453253232523552122135435175123421
6912555694119411132139952556221353591512135126393662365391959629243921132535656351421415413946532191
3553141147252747114533121234952533125557753443911153114125355532243532221492443612243532492251784411
3156263923152299999391143295622429192439193692113242221929396242624131462899355164216824196143565223
8383142238251375424418575848565342438113857285288352845835243883224423475332483321818435231588214481
1147524524314135335135643391244224333354344342733424432757494297214581123322433444149512412525415274
5493574955375133455833437147754655345576559775712673454344255155357575927474552374457543415547155777
6335453635226536555311135463584115524456664632132251445421524523416154655691455515353441451241635212
5563235512258121562545311282322441553232184444344558425425461364133456312426524652181551545315155356
4877345235755548358784781828778735173377344731742537577734172377328812488153231522722229528435379245
4815327342232435382248151448781284318322513881182183832386147581252123944331235434233241238335812813
2219436541433551151423591446621524565645292334532163229332221313163343532345334615234161312613536642
1281418491915491551828914944258489289551151788993298845388519151431989593195589149111115435898545794
1128838815342314484341653265682138453441461843884143115362843153451214834355842634334153535561283821
3442531412244333445323231124151455521742516471473213525245323322545532535513515525272245433734554325
7993537569178657295152929446726559895242152292967625189925616776723224426247323655652254165624465992
8611385261336316223556614216236162324663655652614635565283725664653688216354337613711326142321653611
3255237745135593113512332543114573535519522254343632845145743473452314434123512245343332723451513246
9211239456222132322121549379952222299539312123452142291261316243436639394634192531396429442359235492
8995488488631293999231689398489951193894895995498431133138958848893383451429989338995556294188934995
4133855151335122834715196834511167683973737857638558329977147875151781281385876617518335648584737623
1455113824314445424345423543442142314344435413543544545114528241114114813221453444535211422253515141
5145135832714551553513543425933337772312243313351352255453355752751745522374752332753321322454233437
2143339249541952451924254519591399641834791213124515299559441591544244425634432382791553589918525195
2544626566671521326312464614341625435454133352674353624563192143145626523335532639566334226466443251
3523514442391353122313233244115444514914213143331325214455134334442553153335213334423153443414124512
5234241241244274352555133154421242113325421551425555414551535225552514311413752145135253243313435543
8352482583192811851128125888452352992555818495821512193155191991298258948418118813118398928215341384
7777724344844345112736221769164152619466832625916329725437413724611271634419976733774343662132934553
5551434243351295351325347217577224515725451545724742751132711531257122721542294545115384575453512149
1311371141772489313241914213752182297298439327923115927947149223195938357373177439577773497535427751
4362421632365366544361126222535512113613248223324116233332366234226182364551461915352616463362151652
2338255423252531551254112532251222532425844242133485324442833545334235911542542345343335318335424452
1414243114111454112241312252353411224854155351331432421125126242331231322355541342513844435441324544
1453154131222552211233341432343335145145221454124431453543241122865131313223341211221154432142212114
5431462551122511265339962351646664431522223136352444452664641251446155442124315555431223443111155111
9722291246931599229375272774722113141922329429192524584111394127159493751979731211977921494122769792
4231124543243152125121123311235121253232133113553121555434332124351235314332235425513112424234115154
3293339414112356931514366129536466462519244939516332227944329929369233562311432634434654212344243523
6114131662466126114466165213511178141432543214633517652131826811115126461514131114367247452125544161
7715352215451315525351555242323155755357313471212538115112555174371723133354756153154337773437133545
4257741246121253444124427353273333273457274273274777253321747347714115318751415147513121737777232151
3172313233628717518147246711182552234527422434232878214434132226724824147482282754455522824294144323
8111158452355282831533121345834856513225885121562253884556162481445523812838515253225818411551888163
4956249514221294416261924361151725915124266364139499255241441516975335263412419122464282241411244269
5753418582351832113358658853758777311144427458715252384587545724172755543554438413114373652742225511
3589448581352214238582858588947999354195811842588953389588519889259588248481998282859323998198433815
4825452117438112241532841848122722181247323124437593247834812234815711118233882215434134193231132613
4424542822354124332355383534532844332323233841353328224332423244322424138423415842832234282224535826
2223422223431235233225213343131232324144121725327345448234253832333452131132123223121523544535434314
2444171841832352355288235482445815245152252882838251248444532254544188552528554115413721155552724435
1425422824462488582545118488415885522421414211451211518414881128518181192584632524319192548448212152
1712435117547753443723751552233245715552533122233351531713275425271254727123712523725255134413131235
4914634431292631411144353115121524142143475423325235624441242123463245544111461452125244154114152512
4137588617331485222756127886284322444748851384153743887263424577875218882745342738267427137286514237
1224152898526171553368937537595995732827984973588427583378389281955387545923939581229718583347973123
4331544453533974443335145322441322444524359333129232994443233354572541956957311167455332711449444196
2542422593386539144993884245914215451264341491333113939922512334242331222343312546552235399494413322
