957,808 -> 862,903
443,398 -> 443,255
534,652 -> 157,275
762,381 -> 762,768
745,504 -> 745,36
606,127 -> 160,127
388,931 -> 710,931
572,233 -> 453,233
734,824 -> 987,571
950,773 -> 950,371
470,44 -> 906,44
33,176 -> 10,153
561,977 -> 666,872
817,396 -> 817,349
280,487 -> 280,967
717,566 -> 717,820
112,441 -> 134,441
926,641 -> 926,209
121,35 -> 121,385
264,179 -> 354,89
745,288 -> 349,288
814,989 -> 393,989
987,93 -> 987,386
396,805 -> 873,805
308,707 -> 675,707
524,389 -> 41,389
294,589 -> 277,606
588,160 -> 588,58
765,531 -> 765,910
943,773 -> 914,773
635,709 -> 946,709
928,736 -> 870,736
627,788 -> 627,444
446,334 -> 683,571
399,802 -> 449,802
333,426 -> 333,477
763,447 -> 763,621
385,261 -> 430,306
848,187 -> 848,573
204,686 -> 278,612
410,662 -> 410,594
441,409 -> 441,120
157,626 -> 693,90
960,79 -> 960,238
554,671 -> 919,671
285,730 -> 800,730
266,123 -> 175,32
747,498 -> 793,544
567,596 -> 567,579
952,762 -> 952,680
190,865 -> 118,865
592,786 -> 592,730
696,745 -> 696,565
324,833 -> 197,706
153,849 -> 153,972
780,529 -> 595,529
869,75 -> 758,75
127,530 -> 127,455
703,522 -> 703,170
232,173 -> 232,436
49,587 -> 49,479
732,807 -> 732,490
831,448 -> 947,564
395,666 -> 207,478
140,552 -> 706,552
701,767 -> 986,767
752,357 -> 773,378
809,433 -> 809,523
191,129 -> 433,129
272,977 -> 43,748
513,757 -> 941,757
775,394 -> 646,265
140,128 -> 595,128
896,138 -> 896,251
882,588 -> 584,290
139,498 -> 519,498
807,245 -> 807,91
730,48 -> 130,48
122,325 -> 135,338
11,899 -> 11,612
282,861 -> 50,629
662,710 -> 878,710
834,563 -> 752,481
800,937 -> 694,937
879,98 -> 879,558
518,509 -> 518,452
577,692 -> 915,692
879,851 -> 458,851
330,632 -> 330,675
384,99 -> 687,99
814,782 -> 558,782
66,86 -> 482,502
934,965 -> 829,965
239,216 -> 239,94
359,836 -> 915,280
219,358 -> 67,358
846,933 -> 846,433
809,755 -> 809,699
943,376 -> 983,376
202,241 -> 771,810
86,113 -> 86,694
357,97 -> 20,434
347,905 -> 373,931
308,913 -> 50,655
179,624 -> 240,624
401,549 -> 647,549
727,323 -> 845,441
524,208 -> 524,401
616,716 -> 516,816
890,647 -> 437,647
504,755 -> 833,755
799,400 -> 430,400
982,736 -> 808,910
289,93 -> 257,93
663,617 -> 663,237
776,594 -> 479,594
518,250 -> 953,685
372,573 -> 498,447
211,490 -> 211,833
174,26 -> 174,564
859,447 -> 401,447
357,236 -> 357,296
134,396 -> 134,174
155,248 -> 270,248
525,277 -> 453,277
392,632 -> 392,264
56,859 -> 578,859
331,198 -> 331,357
490,100 -> 825,100
897,55 -> 897,429
28,762 -> 28,459
927,564 -> 844,481
246,252 -> 246,516
630,322 -> 719,322
334,925 -> 293,966
786,429 -> 709,429
426,85 -> 683,342
358,248 -> 591,248
204,958 -> 636,958
366,584 -> 366,654
473,629 -> 810,966
620,673 -> 620,778
750,762 -> 374,762
473,969 -> 943,969
456,664 -> 456,590
127,677 -> 304,677
568,959 -> 258,959
379,18 -> 73,18
280,664 -> 280,165
123,837 -> 251,837
337,889 -> 65,889
149,535 -> 354,535
169,469 -> 169,716
375,86 -> 536,86
327,890 -> 327,553
849,728 -> 454,728
814,706 -> 814,209
479,783 -> 933,783
171,461 -> 626,6
414,936 -> 414,635
642,810 -> 514,682
739,414 -> 913,588
553,876 -> 866,876
634,794 -> 469,629
129,486 -> 129,366
834,740 -> 834,929
270,229 -> 455,229
540,291 -> 540,785
35,360 -> 627,952
536,561 -> 536,256
505,855 -> 505,505
345,537 -> 345,548
704,870 -> 635,870
24,633 -> 514,143
485,364 -> 485,641
259,115 -> 175,115
845,704 -> 378,704
605,527 -> 605,597
182,418 -> 182,335
851,652 -> 962,541
233,604 -> 233,89
935,828 -> 746,639
339,524 -> 339,839
770,563 -> 770,811
830,733 -> 830,800
311,405 -> 47,405
347,356 -> 374,383
350,435 -> 350,3
633,510 -> 633,978
460,169 -> 460,330
734,163 -> 734,250
677,625 -> 527,475
681,655 -> 136,655
166,547 -> 166,32
723,831 -> 616,831
29,407 -> 343,407
168,595 -> 237,595
70,348 -> 549,348
788,755 -> 924,891
540,798 -> 540,487
60,791 -> 510,791
632,329 -> 614,329
629,704 -> 586,704
586,953 -> 896,953
14,742 -> 208,742
243,517 -> 589,517
182,610 -> 717,75
695,38 -> 695,564
481,419 -> 353,291
162,784 -> 682,264
920,88 -> 770,88
425,856 -> 212,856
967,440 -> 531,440
433,799 -> 433,576
605,854 -> 605,497
306,245 -> 832,771
392,90 -> 294,90
539,363 -> 155,363
464,145 -> 464,71
816,775 -> 816,508
180,703 -> 203,726
324,275 -> 261,275
89,198 -> 89,659
314,625 -> 314,598
630,154 -> 310,154
244,11 -> 244,366
428,471 -> 428,971
27,336 -> 190,499
582,575 -> 582,850
542,899 -> 542,879
863,389 -> 884,410
196,920 -> 139,977
168,419 -> 598,419
435,432 -> 435,274
459,119 -> 677,119
883,314 -> 910,341
619,504 -> 583,468
609,345 -> 951,3
851,475 -> 593,475
935,609 -> 454,128
372,616 -> 932,616
81,674 -> 81,684
350,414 -> 350,176
501,662 -> 216,662
47,454 -> 342,454
604,840 -> 604,918
138,633 -> 321,816
977,966 -> 694,966
611,985 -> 611,595
410,188 -> 410,404
455,272 -> 455,584
125,431 -> 93,431
175,914 -> 32,914
642,172 -> 555,172
287,538 -> 561,264
248,143 -> 16,375
63,176 -> 63,211
581,754 -> 7,180
176,567 -> 479,264
643,121 -> 806,284
815,151 -> 815,747
819,539 -> 819,778
810,871 -> 755,871
234,797 -> 314,797
412,544 -> 412,944
906,258 -> 906,318
351,10 -> 351,582
446,31 -> 778,31
681,709 -> 163,191
625,977 -> 625,933
733,105 -> 550,105
882,391 -> 975,391
765,679 -> 765,469
423,970 -> 423,548
488,458 -> 710,458
631,458 -> 511,578
472,179 -> 339,312
372,239 -> 372,111
782,475 -> 390,83
177,732 -> 324,585
815,689 -> 815,845
117,674 -> 117,130
381,266 -> 341,266
711,655 -> 711,555
461,757 -> 461,819
137,618 -> 137,182
826,649 -> 826,816
865,526 -> 804,526
817,226 -> 642,401
309,266 -> 477,98
30,698 -> 191,698
826,882 -> 826,952
358,421 -> 107,170
298,644 -> 298,773
89,24 -> 649,24
494,108 -> 402,108
153,776 -> 153,758
947,126 -> 594,126
512,201 -> 512,380
616,657 -> 89,657
587,679 -> 490,679
580,185 -> 509,185
339,797 -> 339,213
599,428 -> 599,550
521,556 -> 809,268
689,168 -> 689,106
274,225 -> 128,225
463,578 -> 463,439
609,386 -> 609,617
500,403 -> 500,797
985,235 -> 486,235
312,428 -> 507,233
33,748 -> 33,177
130,861 -> 390,861
828,374 -> 597,374
759,747 -> 759,424
807,496 -> 807,428
219,650 -> 348,521
404,832 -> 404,271
958,228 -> 958,699
175,159 -> 175,198
251,239 -> 251,628
354,484 -> 354,711
806,563 -> 500,563
936,455 -> 936,425
606,90 -> 606,27
527,513 -> 736,513
430,668 -> 312,550
398,658 -> 899,658
329,190 -> 329,436
579,217 -> 266,217
581,803 -> 553,803
765,432 -> 765,113
392,868 -> 392,535
640,252 -> 803,89
410,474 -> 471,474
746,73 -> 746,54
648,371 -> 873,371
43,495 -> 43,707
250,209 -> 224,183
862,781 -> 862,470
616,981 -> 102,467
518,600 -> 518,627
697,354 -> 697,400
892,331 -> 892,248
288,335 -> 825,335
817,80 -> 440,457
439,139 -> 439,379
436,982 -> 938,480
927,244 -> 927,463
527,700 -> 77,250
75,389 -> 527,389
285,638 -> 285,952
349,911 -> 836,911
976,51 -> 924,51
227,258 -> 59,90
602,299 -> 602,757
310,191 -> 215,191
392,12 -> 570,12
65,604 -> 458,211
399,165 -> 399,151
588,95 -> 779,286
172,604 -> 172,93
261,184 -> 261,257
326,124 -> 532,124
969,914 -> 876,821
286,144 -> 768,144
735,452 -> 156,452
437,452 -> 496,511
980,97 -> 438,97
811,19 -> 456,19
327,676 -> 389,614
127,979 -> 127,961
893,97 -> 838,42
777,926 -> 320,926
785,835 -> 293,835
68,154 -> 68,634
432,841 -> 432,955
902,59 -> 902,126
505,839 -> 967,839
84,89 -> 84,168
634,190 -> 483,190
809,423 -> 433,423
160,429 -> 160,460
370,710 -> 370,927
325,582 -> 325,626
181,710 -> 181,156
849,778 -> 849,369
123,285 -> 123,547
388,395 -> 3,780
412,844 -> 146,844
326,877 -> 706,877
351,953 -> 351,515
113,478 -> 606,478
216,814 -> 62,660
647,290 -> 379,290
618,913 -> 228,913
343,97 -> 343,406
530,71 -> 368,71
742,566 -> 917,391
923,975 -> 923,741
391,778 -> 391,181
473,243 -> 473,813
387,614 -> 128,355
875,452 -> 599,728
461,288 -> 832,288
348,48 -> 348,546
955,725 -> 955,528
472,870 -> 472,421
888,682 -> 570,682
319,904 -> 319,823
390,796 -> 390,565
767,244 -> 767,642
263,271 -> 263,790
406,491 -> 187,491
576,299 -> 301,574
586,217 -> 586,535
740,153 -> 910,153
112,712 -> 112,458
424,719 -> 424,950
905,431 -> 728,431
386,183 -> 386,202
692,303 -> 450,303
362,788 -> 420,730
941,208 -> 839,106
537,475 -> 705,307
643,234 -> 530,234
412,41 -> 842,41
58,530 -> 58,56
702,749 -> 702,440
799,676 -> 638,515
673,459 -> 530,602
158,188 -> 158,225
278,790 -> 278,771
764,791 -> 764,275
271,507 -> 271,184
667,185 -> 87,765
742,342 -> 742,448
215,107 -> 215,192
532,458 -> 452,458
764,731 -> 764,667
371,93 -> 818,93
485,305 -> 485,86
111,643 -> 111,586
444,443 -> 354,443
984,861 -> 984,463
654,820 -> 654,789
129,651 -> 129,168
364,153 -> 364,95
34,511 -> 164,511
829,418 -> 829,890
449,114 -> 725,390
930,433 -> 383,433
368,861 -> 688,861
527,932 -> 411,932
967,616 -> 967,594
652,205 -> 526,331
524,405 -> 209,405
660,935 -> 660,577
858,186 -> 845,173
599,776 -> 130,776
727,533 -> 752,508
655,912 -> 848,719
96,648 -> 553,648
88,935 -> 88,426
474,434 -> 893,15
180,906 -> 180,943
953,145 -> 863,145
110,179 -> 485,554
493,358 -> 493,821
164,589 -> 164,711
23,856 -> 23,822
821,547 -> 691,677
756,222 -> 756,628
647,707 -> 518,707
82,328 -> 563,328
569,938 -> 569,745
203,542 -> 203,417
257,635 -> 113,779
872,279 -> 607,14
140,911 -> 140,976
573,452 -> 573,743
342,372 -> 531,372
976,237 -> 976,670
674,915 -> 640,915
714,278 -> 813,278
648,235 -> 683,235
112,914 -> 112,411
813,480 -> 813,65
912,631 -> 454,631
135,865 -> 135,976
649,84 -> 376,84
978,773 -> 475,270
909,34 -> 416,34
703,644 -> 703,414
301,877 -> 605,877
111,127 -> 111,168
538,79 -> 500,79
40,702 -> 40,771
280,346 -> 280,49
