2338
4444
6663
2165
2528
4554
1257
2014
5289
5000
3084
6855
4550

5889
5040
4578
5056
2556
1728
3891
3551
2646
5902
2386
6758

4074
3269
4673
6767
2832
1020
1384
3100
4565
4007
2245
4999

6373
6111
3871
3293
5164
4962

1244
4919
3550
3159
6582
5889
5880

6771
4180
2986
6721
3989
4830
3121
6655
1458
3791
6357
3458
4610
3931

4716
3737
4004
5235
2903
4297
1977
6593
1941
5536

5119
4255
6149
6741

4967
3964
5406
5017
4399
4835
6828
5199
5628
5568
4329
6930
5246
1234

3876
1723
4767
3221

2295
2987
3957
2762
1744
2475

1013
6012
6285
5883
2988
6812
4447
5679
2556

4225
4407
2793
3878
5360

1847
3118
5240
5504

1333
4925
6287
3784
2767
5652
1381
3341
2591
6909
6973
6317

3011
1381
4128
6089
1970
1793
2091

4991
14318

4213
2633
5502
5464
4436
6992
3247
6157
4024
2078
2102
4791

4008
3398
6967
4138
4321

6163
6580
1908
3188
6159
6204
6511
6802
1275

9785
4843

1678
3154
3283
6696
5508

1559
4198
3424
4937
3450
1926
6547
3160
5819
3412
4624
2980
4585

5228
5400
3805
6553

8530

1232
4065
5516
2788
6512
2718
2110
3118
6282
5406
5695
6210
2877

4570

5727
2457
6785
2135
1641
3610
2749
4689

11520
9241

1152
4836
4594
6779

4305
3147
1675
5748
6998
3708
3396
4011
2573

2547
4322
1076
1886
3220
3256
1665
4255

5146
1193
3901
5340
2559
2481
6669
5244
2672

4411
3513
6630
4032
4717
5649
6312
6146
1192
5229
2208
5439
6323
1612

1748
2502
6726
2562
2646
3044

4658
1653
6528
2658
3622
3778

3027
3059
3255
4131

5473
2577
3196
6106
4894
4390
5398

5008
26467

1770
5269
5869
5888
4887
2648

14179
44366

5749
5138
1167
4727

1585
1664
4027
2632
3868

7857
7296

5536
2985
4312
3408
5202
6006
6417
1655
2699
4317

1927
3647
5524
2852

6176
5512

2720
5014
4299
4805
4769
3937
6983
5545
6997
3500

17580
33846

5600
2437
1352
1666

1002

3163
3951
2368
6335
2783
6138
1971
3469
4020
1616
3108
4766
5931
1373

3701
1763
1710
6088
5354
4376
6404

5904
3408
6100
6498
1470
6099
1220

4943
6960
1399
3936
3065
3752
6066
4627
4516

11542
8251
10975

44489
32752

13214
11354
9070

4559
2583
5774
6174
4100
1896
2981
2345
2948
1566
3286

12337

5173
6779
3552
5285
5563
6155
2818

1518
2472
5140
1121
5199
3153

1424
2502
4285
6036
2352
6061
5260
3437
1039

6392
1825
6042
1012
6419

3017
6128
2596
4031
3749
2587
4161
1123
2188
3796
1803

2763
5721
4067
4432

26532
1828

37339
43576
53105

5378
6411
4421
1341
2525
4945
5923
2965
1149
2905

5027
5326
1214
6938
6056
1300
1148
2530
4499
2376

2123

6320
6821
1111
2838
3281

4982

4978
4257
3745
4715
4872
2821
1912
6080
3692
5624
5470
4161
2475

3291
4192
4063
3418
2412

5450

4263
4198
2109
6148
6977
6334
3861
2062

7412
3415

2364
5640
1728
3061
1656
4798
6476

4628
1843
5011
3996
6535
2802
4750
3057

6863
2816
3351
4164

2560
2767
2560
3913
1263
6502
3012
6107
6469
5651
2358
6502

6954
2071
6848
4714
6267
6134
3335
1286

3078
2842
6868
5917
4492
4432
5278
2247
1089
4893

1809
3058
3678
2193
5761
2119
2430
3286
5107
5217

6096
1144
4131
1573
3090
6530
3510
3828

6253
1839
1931
2064
3636
5563
4917
1882
4269
3272
4786

4531

5814
6508
4636
3309
1666
6637
3418

4553
6847
2374
4278
3008
2956
4555

5438
6646
4554
2486
2448
3270

1729
4377
2661
4272
2907
1541
3141
2867
3169
2301

3000
3866
3368
6633
5000
2527
4520
5385
6778
5486

1925
5264
4231
4444
4320
5844
2523
1658

5171
2123
2452
4402
2010
6013
5875
6863
1592

2834
6468
2577
4863
5036
4708
1207
6360
2904
3765

6725
5628
1846
2654
2608
6462
1662
3422
1114
5332
2712
6108

3134
5469
1620
1894
1620
5077
4188
2461
5128
4038
2339
2417
6794
1245

3459
4969
2247
1803
3430

2028
1241
3474
4436
5079
6553
4731
1254
3979
1035
2826
2770
4871
3586

1801
1207
4951
3517
2125

3014
3055
3962
4782
6860
1528
6456
5110
4137
1864
3166
6120

3601
4667
3566
2037
5956
4867
6840
4770

5207
7955
7278

2099
3471
3262
2255
4740
4324
2137
4991
4350
6079
1434
3611
3574
4793

5871
6639
6211
1148

17607
18489
8169

6726
3558
3510
5530
1406
6352
4849
1298

5771
5731
5791

6393
6621
3795
4787
1537

6702
5052
2893
5722
4246
1918
6382
1210
6091
2919

1987
5585
1152
6772
6424
5188
5514
4563
4107
4841
5574

3340
1018
5680
1875
4292
5717
2747
3066
2681
4428
3091
1296
6987
1012

6056
2692
5511
4261
4654
3906
3439
2415
2817
5643
5613
5075

6162
6453
3735
1117
5492
6281
1116
1559
3294
2732
6631

1921
4450
5809
4347
2576
4222
3208
3119
1198
5640

6002
4545
3379
2326
6712
6250
6302

13583
54675
49768

3954
4072
5672
4891
4957
2358
2569
2944
1110
3200
3305
4488

4834
6368

1060
1267
2337
3840
4864
5647
5119
4048
4473
1344

3753
2110
4712
3461
2179
5611
3775
4697
6795

5952
4299
1014
5233
4704
4055
3761
4041
3391

13754

2988
4225
3183
1148
3117
1827
2981
2934
6114
4903
4543
1554
6790

5757
5502
7824

2447
2630
4039
5658
5146
3810
6647
6310
4546

5434
3593
3339
2869
5261
3953
2900
2212
2850
4683

10170

6945
1655
6451
3501
2647
6232
2930
5118
6107
2410

6296
4944
3187
5239
5048
5880

10854
1568
22901

1828
1353
5363
2293
6456
3312
3291
1841
3644

4074
6554
6639
5713
6326

4283
6266
5795
3374
4404
5435
4403
1305
2635
4233
4866
1075

3714
3656
6553
4108
3516
3572
3410

2979
7077

3867
5413
2677
1563
1813

2847
1400
2207
4256
1864
5207
3464
6419
4838
5317
4606
5950
1769
1742

6158
6045
1556
3072
6225
2473
2900
5659
3287
2819
1947
4941

6851
3001
3761
1976
4333
2649
4763
2010

1085
3784
2961
2106
5508
2451
2142

13062

2056
1511
4121
3792

6486
2849
4186
4369
4830
2025

1737
1718
1676
3000
1210
3858
4839
2271
6848
6315

4488
6997
6273
4418
3541
3413
1110
4238
1676
4847
3771

52094
31796
14250

2037
1828
3677
4200
1447

2864
4285
3224
5198
5442
2520
4588
4894
6157
3303
3446
3617

3353
1017
4093
5651
6695
1999
6309

2925
5009
6074
5445
2670
3301
3766
4830
6954

6852
3647
4216
4192
6031
6479
2670

5022

1986
3034
5488
2174
2054
6935
3863
4503
4906
6724
5255
3686

3784
6769
1899
2355
6772
4330
4334
2580

4337
2430
5963
5249
1740
6430
1162
3557
2767
3234
5078
6066

1513
4071
3419
1007

3086
1426
2868
6632
1225
4086
3323
5177
4568
5524

1216
3369
4473
5371

3207
3274
5733
2403
3155
4712
1971
2941
5305
4427
5220
5746

4057
4462
4840
5463
5110
5955

3682
2919
6189
1389

6581
4875
4425
6853

4436
2571
6700
3109
2373
6474
4905

3215
5808
2239
3464
6138
6648
2572
4102
4746
5911
1169
4408
2786
5903

2408
6509
5586
5908
6177
4681
6495
5276
1102
5953
6214
4527

1863
2274
6223
1943

4997
3336
5116
2908
3487
4169

5591
5438
3101
4454
6995
3202
1881
2364
6050
1980
6368
2859

8644
12641
5366

6289
1238
6521
2474
4376
3243
5721
2674
4190
2431
2450
5981
5126
5948

2807
2586
1908
1967
6438
5306
2350
4597
4214
2091
5960
3883
6430

5582
4882
1591
6058
6858
5123
6934
5449

5590
3970
5672
4060
3065
3817
2827
1869
6055
4065
1744
4645
4795

2941
5842
5063
1482
2214
3395
1422
1740
4070
2465
3264
6025

3947
5395
6258
3821
2670
1807
1926
3537
2255
1444
4457
6531
1634
6228

4363
4448
1271

1900
6580
6263
2771
4938
6585
1154
6691
1973
1415
5521

4759
2509
2039
5722
5045
1474
6678
6498
1326
5785
3878
3521
1883

5294
3861
5581
5840
5758
6832
4561
2499
2512
6331
5154
6902
3083

6588
2667
4896
4850
4999
1808
4507
5096
1529
1858
6631
4663

5255
1216
6900
1780
3629
3087
4314

4608
5644
6041
2612
5653
6103
6566
6386
4738

6459

6198
8686
5434

6697
6074
5477
3851
4740
2282
2637
6048
6723
5420
2711
6594
6503

6873
3963
4160
2549
6470
1432
3718
6257
4091
4740
2694
2168
6530
3595

1968
1738
2410
5961
2833
3982
2965
3671
2259
2076
2790

3401
5379
1261
5013
3999

4215
11969

6572
6922
1362
1636
5428
5115
5535
3964
2888
1182
5258
3150

4285
3077
4300
5319
6971
1463
5225
3336
1259
4813

29576
35137
50114

24034
18852
25774

14502
20120

5200
2618
4244
4201
3934
5131
5176
6372
6870
3604
3220
2469
1277

6762
2966
5378
4456
4035
2512
2469
1190

4466
5712
4947
6742

6256
4930
6894
1288
2707
4070
4155
6536
1166
3291

1819
3123
4541
5560
4285
2625
5284
1325

4631
5716
2412
3910
3070
5743
5276
2428
3607
4628

6522
3528
1305
2291
4634
3121
5876
3035
4043
2033
3317
3850
5238
1054

3787
4860
3700
2084
5769
6247
2338
3304

1512
2754
3832
3336
1891
3538
4691
5400
1658
2212
6742

5419
4105
6298
6200
4939
1727
1849
6613
3388

3527

4119
5521
4535
3462
3239
4384
3298
5013
2275
1093
3860
5427
6697
2902

6929
6817
2926
1883
5769
3154
1867
4488
4229
5351
6448
4293
5651
5832

2263
5351
4711
1580
2829
4408
5063
2390
5123
6433
1733
6102
6671
4904

4240
1892
6134
2625
3911
5194
4389
5013
2839
6191
2410
1655
2935

4256
6744
1626
4876
4032

6785
6371
5234
6255
1704
4876
6727
6468
6243
2758

4170
4992

13277
10839
28295

5134
6506
2770
4025
3074
2479
4527

5503
4540
5699
6739
3322
1954
1294
2118
1655
1432
1282
4083

1453
5309
5294
2236
1619

3502
6617
4908
1668
4137
3506
5814
2750
1604
5003
3326
2727
1591

3456
1912
2770
2919
3586
2134

3099
2404
5860
1818
6584

1875
3842
4447
2659
3699
6082

2216
2541
3242
1352
4299
5592
1762
4581
5756
6072
1708
5170
5934
5091

6578
6352
2820
6915
3286
3094
6420
1897
4621

14496

6593
2745
4387
4139
1906
1258
5132
1485
5047
1727
6219
3483
3485

6579
4180
1132
2586

2506
5470
4831
5959
1961
2822
6187
2666

1624
2969
1642
5180
4965

14110

4326
4976
3958
5838
2114
2252
5001
4205
6208
1577

6780
6446
3122
1960
3515
2782
1910

3007

5743
1807
2812
5951
6755
1971
1741
2435
4582
5956
2008
5326

7643
7881
6145

3925
3208
3641
2100
2345
4942
6348
5397
5153
5152

5202
6181
6268
4137
6736
2362
4798

16651
18463

1280
7279

4457
6768
6204
6611

4271
2147
3678
3224
1394
2181
2460
4735
2718
1459
3973
4238
4014

6409
2545
3616
2012

3180
4921
2586
5061
6482
5983
3965

6205
2876
6534
5508
5416
4476
1496
2692
5573
5238
6254
3878
2845

1450
2455
4551
2986
4046
3049
4855
4096
2279
4673
1677
4284
5818

3772
3398
3277
1537

1392
3181
4865
3601
5960
4124
1643
2724

5198
3976
2700
3694
3292
5450
5240
6613
5899
4876

6048
2342
3753
1542
3429
6570
3282
3772
1548
4662
2629

2508
2480
5795
3208
2787
5734
1952
6881
3832
6215
5761
