111101101100
001100110101
110011111001
011111110101
011110010101
110101111011
100100100011
111101110101
110101011001
100011001111
110100101101
110000011110
010100011111
101100110011
110100110111
011100011110
000101110010
111000000010
011100111010
110111110001
110001111011
000111001010
000000111110
011100110101
010001110001
100010011101
101010100011
101011110011
011000110010
111010011011
100100110101
111000011101
010110010111
110000001010
010010001011
100001011110
011101110011
000100011101
110110110001
110001010100
010000010001
000010001010
100100110001
000010011101
000110000011
000110101111
011110110011
100001110101
010101010000
111010011001
001101111100
110101110010
100100101010
011111001011
010101111100
000110111001
100100000000
101000100111
101110110011
111001011100
000110010011
111101011001
010100101011
000010110000
100110101111
000010111001
110011010000
001110011110
010110110000
011110011101
111111100001
110010111100
110011000010
111010100110
110100010001
101000101100
000001100010
001011101111
010010110100
100010101011
110111101001
011111011110
010001000101
111110000011
101110100000
100000011011
000100111000
100000110011
111000111110
011000001000
010101010011
110110010000
100010110001
000010110111
100101101000
000000110011
110000111000
100011000001
110000101101
101100100110
000101001010
110100100010
011111011010
110110110111
110110011011
110100011000
100101111000
100110001010
100110111000
010010101001
000111011011
110000100011
000110001000
100001001001
110110111110
111010101010
001001011010
111101111000
101100111101
010111000001
001100100101
001010110100
010011011101
010100001011
000110001010
111001010101
011110110111
110111010101
011100011101
001000001111
011000110011
011101101000
101010111010
110101000111
010000010000
010000111011
100010011010
010101100011
100100100010
000111011100
010000100001
001111110110
101110010001
000000010010
010111101100
010000111110
010111100111
010100111010
010010001010
010010100010
111011111001
110001110101
110110001010
010100100000
000100111010
111101110001
000101100100
010001011111
100110111101
010100011101
100001110010
010100010010
010110101110
100100001110
100110001000
011010110011
111000101101
110111111011
001111111100
010110110111
100100110110
110001111010
011101111111
111001010110
000100110100
011101000000
011110001110
110001100111
100001000100
011011111000
010010111000
010010001111
110001011011
010111101101
001000011100
110110100000
111010000110
000100001101
011001001001
001011111111
010110100111
110001101010
010111100010
010100010000
110010111011
011010100001
111100000110
100001100101
010101110001
100110011000
000001011000
010100000100
100100101101
010110111101
101100000010
101000000101
101110101101
111111111011
010110111100
100010111111
010111110100
001111100010
010110110010
001110001110
010001100111
110010001111
101100100011
110011100001
010100000010
011100000001
010110001110
001111011010
100000110001
100011110101
000101010111
010110010000
111011011001
001010000110
011110111001
111111101001
001110100100
100111011101
010101010100
110110100011
100100111111
100101110111
000111001001
110010110010
110000100101
000110111011
000110111100
000000111111
000100111001
110100100001
110000010101
001010110010
101110110001
011000001110
001011111110
010011010001
000101011101
000110010001
001000100011
100100101000
011011001110
100101111110
011111000110
000110011101
001000100110
010100111000
101100100010
001110111010
000011110011
010010111101
110101011101
111101100101
111110000101
110110111001
000110100010
011000101011
111000001101
011010110101
110110000010
111001001001
100010110011
100110101011
001010110011
000100110111
111000110100
011001110101
100101100100
011000010110
000010111111
100010110110
011101110010
010100110101
100000110110
110110111010
011001101001
000000101000
010000001001
010010001000
111100000101
111110101000
101101011000
111001000111
101000010001
001101110101
011110010011
000100010001
100001101100
111100010110
000110011110
110110100110
010100111111
011110100100
000010110011
110100111011
000001101010
111000000001
000000100001
010011001011
010010111001
100100111000
000110001111
101000000000
101100101011
101110000101
010000010101
110001100000
001110110001
110000111011
001110100011
111000110011
001000011010
101111110000
100011110010
011110001000
100110110010
000011010011
101100010101
011000110100
100101110010
100111011001
100101110101
000011100111
101111111010
100100110000
010001101110
010101100001
001010100000
001101001001
010001110100
100010001111
101111010000
110110111111
111010100010
100000101001
110000110111
111100011111
111100110110
111110001100
011010101100
010110101100
010011000001
101100110111
100101100001
000111111001
010010010100
100100010010
111111110101
101111101010
100100010000
010011010000
101100111001
011010111111
101000101010
010100001111
111101000100
100111100001
011001110000
100100110111
010101100101
101101001110
011111100111
100100001100
110101010001
100000100011
110100000111
110010000101
111000000101
010100100101
000101010001
010000111000
011001110011
010001111011
101100101111
001101111001
001011111100
100100000111
101110110111
110100010010
100101001011
001001110100
000000001001
010010101110
011101010100
111000110000
010110101111
011001010011
010010010000
001011110111
101011110110
001101001101
011010001011
110000110101
100110000100
000111001000
001111110011
110000010011
000111110101
011000001011
111001010000
010010100100
110011100110
000100011010
011111101101
110110100010
000101100000
010110101011
110000100100
011101111110
010000010100
010110011011
110010101001
011011010010
100100000011
110110111000
110101100011
111101110000
011101111010
110111111010
010001110000
101100101101
001110000111
000110010100
010000101101
000000111010
110110110101
000101110001
110101111000
100101010111
100101110110
101101000100
011000011001
111101001110
110101001010
110010110000
000110101101
111110100001
100010010011
100101101001
111110110100
101010011100
011100100000
000101000001
010111011111
100010111100
100000100111
001110110000
000011010101
010101000001
011100011011
000110110101
101000100100
100111000100
100111000000
110110001101
000111000010
100001111100
111110110101
100001010110
000110100011
110101000011
100101110011
111010000001
101010110000
110011000101
000111011111
001110111100
000011110110
010100011011
111011010001
011110101001
001111010010
001110010100
111100110111
011000011110
101110100001
100110100000
101000110001
111100010100
111110110001
000100100011
110100010000
111101011011
011101101001
100011111000
111110010111
010111001101
010000101011
100000111100
011010111011
011100111111
010011101000
001001110111
111110101001
110100010100
100001011000
101110010011
101000101011
111110010001
101000011011
100000111111
001111110010
000100011000
110000111110
001101011100
011000111010
100010111000
110011010001
110100010101
000110110100
100010101111
011110111011
100101011100
101101001011
000111100000
110001101100
000011110111
110001100001
001100010010
101111001100
000100100001
110101110001
010100100001
111011010111
111010110001
001111100110
011100110000
010100000101
111111110011
000100011100
110101100001
110111110100
010101110101
011101001000
100100010011
001011001001
010000010110
011101010000
111010010001
010011000111
111100111010
010001100001
110001100101
100000111101
010111100011
010100010110
000100000001
000100100010
100000101011
111110001011
111001101010
101111101001
001001111000
111011000010
111100000100
110010000001
101100010111
011000101010
110001000011
111110000001
111111101111
011111111100
110101100100
110100101011
100001110001
000111110000
011101110110
000010100111
110010111101
000111100111
101010110001
001001110011
101010011001
010100000000
000001110001
001110011000
100011101001
000000001110
100110110000
010010101101
010001100010
110111110011
000001101111
100101011010
101001101010
000101110011
111011111101
000000010111
010101000011
110100011111
011010101011
100100011101
101011111001
010110100010
001000011001
100100011011
011001111100
111010110100
001010101110
111100110001
000100111101
100110111110
111100100100
010001001000
100001011001
101100001101
110101000101
111111011010
010010100110
110101110110
110110010100
100010010111
100101100011
110001010010
001000001101
011000010001
111010100001
111110010000
111100110101
011100110001
011001001100
111111111010
100011110000
100100001001
011010111010
000110111101
111110011100
010111101010
101100111000
110101111100
101111111011
111011100000
110000011000
001110110010
000001000001
110001011000
010101011001
110110101011
100000011010
100110000010
010111011100
001010000100
010111111010
001100100111
111000100001
110111011111
100000101010
011011011101
111000111001
100110111001
011010111000
000101011000
011000111111
010100011001
000111010001
001110011100
101101111001
100111100000
111101110010
001100100000
000011111111
110000110001
110000000101
100101110000
111000011000
111100001110
000010010011
101101001111
101101111011
010000101100
001110101000
001100010100
110110010001
001000110100
001011010001
010111101011
100011100111
100111010101
111101100110
110101010011
100111111001
000111101100
100101010010
010010001001
001110000001
011000100100
000001111010
010011000000
110101010010
011000110101
101111100111
101010010100
011100100011
100111010011
000011100001
101100110000
000101011010
000100100000
000010100110
011110111111
010011101111
010111111111
010001111100
000011110000
011101100110
011001101000
100000001001
111001001000
110100110001
001000010011
010100101100
001110010111
010110111000
111000100000
001100110011
011001010000
111000111101
001111111000
110100100011
100001011101
100011100110
110110001000
010110111001
101001110110
011010001101
001100000111
010111110010
111000100101
100100000100
010001011011
010100100011
111011111000
100011011011
000101111010
100000110101
110000111101
010000011010
110010010110
111001110101
001101110100
010110010011
110110001100
111011111111
100111011010
100100111100
001100110000
001001100000
111000001001
010100111001
010011001001
010001101111
000100110101
100001001011
100100111001
111000010000
000001010001
100111111101
110101101010
111110110111
110101000010
001100011101
110100001001
000010101101
110000010100
011000100001
111000101001
001010011111
101100111100
100001001100
101100100101
011100101110
010110001010
000110111110
010100000110
000101111001
100100111110
100010110111
010000110011
001100101011
010101111001
110101110000
000000001000
010100101010
101010110010
111101110111
110101010110
000110110111
010011100000
010110000100
000000000001
101010000101
100001101000
001000110001
100101010100
000010011111
001011010101
001100001111
000001101100
111100000111
100100010111
010010100000
011001111011
010001110011
000010101111
011001101100
011010100101
010111010001
000001010101
111011101101
100011001001
111100011100
101001000110
101001100011
001001001011
101101111111
100101100000
111001110011
111110100000
101011101101
000111111000
110010110100
011011110101
011001010110
110110111101
100010011000
010011110010
000101001011
011100100001
111001000001
111111000001
010011101010
110010001000
110110101001
010111111001
000100001110
001111111111
000000000010
111001011010
011100010101
111010011010
000100101010
010000100100
010111010101
011110100001
010000010111
110100001011
001110100101
100110110011
011001111101
110010101010
000000000000
110100110011
010111110000
111110110011
001001111100
011111111000
010011101101
010000011101
000001000010
010111110111
101011010001
110000111010
100000010010
000101001001
000110110110
011011111001
001010011010
110111110000
000111101001
010101010010
101001001001
111100111001
101000110110
010100010101
011001100001
101101110011
110000110010
010110011101
011100010010
010111111100
010111011001
010100001101
100110110100
011101011111
110010110101
101111010111
001000101011
111010001010
111000101011
110001110001
111011110101
010111110001
010000011111
000101101011
011000111000
111001011001
101100011001
000000011011
110100111001
100011110001
100010100101
111110111000
010011000011
100110101100
011101110000
001100011110
101111010011
000001110011
110110111011
000011010111
001000111000
011010010110
001010101001
001100101001
010111001001
110001100100
101010010001
110110011001
110001110100
011111010000
101110011101
000010100000
000000010000
110001000010
111011111110
010101101001
101000111110
110110101000
000111100100
100110011011
011000010101
100010001011
110100001110
010000111101
011101101110
100000100000
110010100101
111101011100
100110111100
011000011010
001100010000
110110110000
110001001101
010000100011
001101010011
101101000101
010100010001
111100100000
001111011111
110101101100
011011110100
111000111000
111100010000
011110101010
001110001101
110110000001
111010110010
111011010000
001011011011
100101111010
011010010001
111000000110
111000110001
101101110000
110101010100
001001000100
100101110001
011000100010
101001010000
011111101110
110000100010
000000001010
111100100111
000010101001
110010111000
100111000010
011111110001
011010000101
110100011110
100010100111
010110110101
100001110000
000000110000
001110001010
011110010010
010011100101
010110111111
